1 11
1 124
1 125
1 128
1 222
1 351
1 371
1 538
1 948
1 1137
1 1161
2 6
2 17
2 19
2 107
2 460
2 524
2 562
2 677
2 901
2 1117
3 8
3 14
3 58
3 233
3 270
3 359
3 360
3 375
3 596
3 637
3 658
3 782
3 787
4 10
4 17
4 49
4 109
4 345
4 450
4 542
4 659
4 667
4 693
4 931
4 1012
4 1018
4 1133
4 1166
5 16
5 20
5 76
5 234
5 452
5 670
5 700
5 716
5 792
5 883
5 992
5 996
5 1029
6 13
6 15
6 20
6 70
6 100
6 251
6 284
6 313
6 369
6 594
6 1124
6 1126
7 9
7 13
7 17
7 18
7 140
7 187
7 220
7 308
7 358
7 382
7 429
7 450
7 516
7 662
7 728
7 748
7 787
7 817
7 991
7 1083
8 9
8 178
8 247
8 591
8 638
8 643
8 948
8 984
9 12
9 19
9 131
9 122
9 201
9 253
9 346
9 362
9 692
9 741
9 750
9 918
9 938
10 13
10 76
10 166
10 167
10 430
10 490
10 503
10 531
10 638
10 816
10 829
10 849
10 920
10 929
10 950
10 1079
10 1166
11 79
11 88
11 313
11 324
11 510
11 570
11 758
11 797
11 839
11 892
11 916
11 919
11 1089
12 241
12 266
12 269
12 302
12 380
12 409
12 429
12 437
12 550
12 624
12 645
12 909
12 911
13 74
13 92
13 184
13 227
13 287
13 290
13 332
13 345
13 379
13 827
13 835
13 990
14 18
14 129
14 225
14 336
14 347
14 600
14 748
14 824
14 830
14 921
14 1035
14 1192
15 156
15 182
15 183
15 184
15 292
15 333
15 339
15 356
15 376
15 526
15 533
15 584
15 753
15 846
15 857
15 925
15 1133
15 1163
16 62
16 234
16 444
16 484
16 644
16 645
16 709
16 740
16 749
16 801
16 833
16 943
16 950
16 1077
16 1181
17 225
17 377
17 387
17 473
17 637
17 690
17 850
17 882
17 906
17 910
17 1142
17 1186
18 52
18 134
18 160
18 182
18 344
18 451
18 478
18 524
18 530
18 584
18 602
18 638
18 764
18 782
18 814
18 865
18 898
18 932
18 947
18 967
18 1010
19 82
19 184
19 301
19 473
19 504
19 602
19 636
19 646
19 709
19 842
19 981
19 999
20 239
20 378
20 430
20 491
20 532
20 559
20 642
20 750
20 771
20 798
20 972
20 974
20 1008
20 1134
21 28
21 33
21 37
21 69
21 247
21 274
21 320
21 394
21 383
21 462
21 510
21 593
21 798
21 933
21 960
21 972
21 1154
22 32
22 40
22 228
22 250
22 455
22 662
22 684
22 704
22 779
22 879
22 915
22 1006
22 1148
23 179
23 195
23 337
23 414
23 509
23 640
23 716
23 722
23 970
23 975
23 981
23 998
23 1134
24 33
24 37
24 160
24 212
24 221
24 237
24 290
24 293
24 351
24 365
24 458
24 637
24 642
24 717
24 943
24 997
24 1034
24 1083
24 1117
25 27
25 28
25 36
25 48
25 254
25 294
25 427
25 577
25 705
25 734
25 755
25 825
25 874
25 930
26 470
26 497
26 727
26 751
26 808
26 1074
26 1157
26 1176
27 32
27 77
27 112
27 195
27 254
27 343
27 431
27 500
27 520
27 705
27 730
27 741
27 779
27 810
27 994
27 1137
28 34
28 67
28 199
28 221
28 448
28 494
28 620
28 780
28 797
28 909
28 1120
29 127
29 235
29 335
29 374
29 383
29 497
29 566
29 692
29 873
29 1063
30 376
30 522
30 661
30 666
30 671
30 840
30 928
30 982
30 1031
30 1053
30 1100
30 1133
30 1179
31 38
31 60
31 154
31 178
31 199
31 369
31 913
31 973
31 1059
32 35
32 68
32 113
32 118
32 215
32 218
32 611
32 810
32 932
32 1022
32 1062
33 34
33 155
33 201
33 282
33 482
33 487
33 614
33 632
33 884
33 1059
33 1121
33 1172
33 1173
34 56
34 122
34 144
34 168
34 181
34 182
34 227
34 265
34 289
34 373
34 388
34 406
34 577
34 694
34 781
34 830
34 832
34 877
34 995
34 1039
34 1078
34 1103
35 38
35 381
35 550
35 639
35 759
35 864
35 914
35 998
35 1177
35 1193
36 38
36 172
36 230
36 254
36 273
36 450
36 475
36 787
36 889
36 1075
36 1118
37 263
37 476
37 505
37 566
37 575
37 1036
37 1041
37 1090
38 159
38 276
38 644
38 706
38 865
38 872
38 891
38 1025
38 1155
38 1142
39 82
39 149
39 318
39 339
39 359
39 380
39 444
39 687
39 733
39 793
39 799
39 835
39 875
39 890
39 1099
39 1154
40 157
40 190
40 215
40 365
40 374
40 636
40 647
40 738
40 855
40 861
40 963
40 1130
41 42
41 50
41 53
41 58
41 109
41 213
41 260
41 295
41 512
41 641
41 656
41 833
41 947
41 1037
42 47
42 60
42 211
42 225
42 306
42 528
42 640
42 843
42 854
42 856
42 891
42 1000
42 1009
42 1189
43 44
43 51
43 58
43 256
43 331
43 473
43 541
43 623
43 728
43 791
43 1002
43 1010
43 1180
44 47
44 66
44 261
44 301
44 413
44 683
44 684
44 873
44 874
44 925
44 954
44 964
44 989
44 1021
44 1147
45 48
45 59
45 122
45 241
45 250
45 313
45 560
45 640
45 782
45 801
45 885
45 960
45 986
45 1082
45 1166
46 89
46 95
46 255
46 452
46 510
46 680
46 699
46 796
46 876
46 965
46 1004
46 1030
46 1109
46 1119
46 1137
46 1195
47 57
47 155
47 161
47 178
47 227
47 449
47 465
47 497
47 542
47 619
47 982
47 1167
48 59
48 179
48 206
48 347
48 502
48 794
48 813
48 830
48 898
48 966
48 1183
49 451
49 523
49 538
49 747
49 755
49 797
49 861
49 885
49 1076
50 127
50 526
50 550
50 632
50 667
50 768
50 792
50 806
50 836
50 872
50 916
50 974
50 1091
50 1131
50 1171
51 446
51 495
51 529
51 532
51 574
51 641
51 764
51 788
51 859
51 1036
51 1103
51 1158
52 122
52 168
52 214
52 376
52 401
52 580
52 702
52 774
52 807
52 988
53 56
53 58
53 109
53 153
53 213
53 222
53 495
53 500
53 621
53 986
53 1002
53 1089
53 1096
53 1138
53 1183
54 155
54 370
54 403
54 746
54 782
55 57
55 77
55 337
55 599
55 621
55 664
55 829
55 887
55 981
55 1041
55 1051
55 1112
55 1144
55 1149
56 124
56 178
56 262
56 432
56 440
56 483
56 497
56 587
56 588
56 686
56 831
56 858
56 859
56 899
56 933
56 1054
56 1150
56 1193
57 63
57 117
57 175
57 210
57 223
57 271
57 451
57 477
57 510
57 899
57 1031
58 88
58 90
58 210
58 761
58 841
58 1001
58 1069
58 1187
59 257
59 291
59 466
59 679
59 717
59 741
59 1040
59 1061
60 68
60 172
60 327
60 414
60 443
60 507
60 759
61 70
61 72
61 175
61 255
61 463
61 535
61 640
61 836
61 923
61 956
61 970
61 972
62 70
62 75
62 149
62 229
62 381
62 492
62 526
62 587
62 651
62 737
62 804
62 849
62 1030
62 1097
62 1152
63 65
63 69
63 70
63 79
63 187
63 203
63 207
63 235
63 657
63 751
63 759
63 777
63 779
63 959
63 1111
63 1131
63 1188
64 66
64 68
64 69
64 71
64 73
64 144
64 307
64 339
64 462
64 495
64 558
64 641
64 695
64 908
64 925
64 1143
65 66
65 73
65 80
65 233
65 259
65 251
65 420
65 466
65 595
65 668
65 674
65 699
65 943
65 1170
65 1187
66 67
66 232
66 258
66 410
66 458
66 546
66 638
66 693
66 841
66 982
66 1143
67 149
67 179
67 295
67 573
67 628
67 633
67 731
67 751
67 804
67 844
67 924
67 1199
68 80
68 99
68 148
68 226
68 315
68 470
68 656
68 696
68 856
68 877
68 1051
68 1075
68 1099
69 72
69 74
69 76
69 103
69 132
69 184
69 255
69 261
69 270
69 598
69 626
69 650
69 779
69 796
69 958
69 976
69 979
69 1112
69 1124
69 1140
70 363
70 481
70 775
70 848
70 866
70 981
70 1009
70 1142
71 98
71 154
71 261
71 308
71 478
71 658
71 735
71 818
71 836
71 891
71 990
71 1016
71 1057
72 147
72 337
72 380
72 447
72 519
72 566
72 666
72 759
72 830
72 983
72 984
72 1024
72 1093
73 384
73 532
73 685
73 799
73 854
73 857
73 983
73 995
73 1054
73 1071
73 1163
74 79
74 147
74 178
74 248
74 350
74 400
74 422
74 518
74 573
74 647
74 735
74 813
74 1186
75 76
75 129
75 149
75 371
75 399
75 606
75 694
75 842
75 894
75 1035
76 122
76 616
76 746
76 752
76 872
76 986
76 1022
77 78
77 286
77 353
77 450
77 841
77 1016
77 1150
78 80
78 293
78 330
78 357
78 455
78 552
78 590
78 596
78 714
78 1005
78 1022
78 1101
78 1116
79 80
79 116
79 239
79 292
79 326
79 360
79 365
79 392
79 561
79 594
79 603
79 729
79 830
79 832
79 852
79 911
79 997
79 1004
80 263
80 369
80 599
80 727
80 793
80 842
80 1100
80 1185
81 85
81 87
81 93
81 125
81 220
81 271
81 378
81 394
81 477
81 600
81 608
81 714
81 716
81 801
81 824
81 895
81 935
81 1150
82 86
82 87
82 92
82 178
82 192
82 319
82 394
82 701
82 828
82 881
82 998
82 1111
82 1143
83 88
83 98
83 99
83 114
83 193
83 199
83 305
83 339
83 505
83 702
83 709
83 792
83 1174
84 97
84 121
84 260
84 261
84 393
84 402
84 403
84 622
84 647
84 690
84 773
84 763
84 839
84 941
84 980
84 998
84 1011
84 1030
84 1102
84 1150
84 1161
84 1181
85 141
85 144
85 207
85 211
85 224
85 230
85 319
85 417
85 448
85 551
85 568
85 570
85 578
85 594
85 796
85 853
85 1018
85 1111
86 87
86 91
86 94
86 222
86 261
86 281
86 426
86 570
86 578
86 630
86 659
86 688
86 723
86 742
86 782
86 798
86 820
87 93
87 95
87 99
87 145
87 221
87 226
87 306
87 312
87 402
87 425
87 452
87 529
87 633
87 804
87 1009
88 92
88 258
88 340
88 427
88 441
88 445
88 578
88 629
88 738
88 1061
88 1116
88 1153
89 133
89 437
89 623
89 667
89 668
89 775
89 802
89 1094
89 1186
90 91
90 100
90 257
90 651
90 879
90 908
90 1194
91 95
91 143
91 146
91 279
91 396
91 463
91 643
91 1070
91 1078
91 1085
91 1103
92 134
92 174
92 514
92 566
92 671
92 759
92 848
92 983
92 986
93 97
93 103
93 122
93 141
93 166
93 257
93 332
93 380
93 411
93 453
93 570
93 708
93 711
93 800
93 841
93 985
93 1026
93 1058
93 1133
94 99
94 182
94 186
94 264
94 265
94 268
94 371
94 434
94 494
94 554
94 767
94 834
94 997
94 1036
94 1045
95 100
95 123
95 154
95 172
95 405
95 413
95 592
95 728
95 862
95 1012
95 1127
95 1191
96 181
96 400
96 451
96 474
96 548
96 718
96 732
96 796
96 822
97 260
97 327
97 533
97 796
97 837
97 872
97 949
97 1076
97 1084
98 124
98 143
98 159
98 466
98 513
98 572
98 607
98 628
98 640
98 657
98 755
98 797
98 803
98 818
98 864
98 901
98 1115
98 1198
99 100
99 294
99 374
99 432
99 665
99 821
99 979
99 1022
99 1116
99 1120
99 1138
99 1176
99 1188
100 109
100 350
100 482
100 490
100 537
100 654
100 847
100 864
100 888
100 949
100 955
100 994
100 1019
100 1075
100 1093
100 1098
100 1112
100 1164
100 1187
101 117
101 141
101 272
101 275
101 292
101 461
101 514
101 909
101 1062
102 114
102 218
102 499
102 530
102 539
102 579
102 663
102 727
102 802
102 817
102 847
102 894
102 921
102 1084
102 1170
103 105
103 119
103 146
103 379
103 498
103 503
103 507
103 678
103 740
103 809
103 940
103 966
103 1133
103 1151
103 1182
104 106
104 110
104 111
104 359
104 374
104 600
104 762
104 804
104 880
104 1034
104 1035
104 1143
104 1162
104 1190
105 172
105 428
105 605
105 745
105 806
105 870
105 940
105 1090
105 1114
105 1181
106 113
106 116
106 129
106 162
106 170
106 185
106 195
106 309
106 344
106 511
106 1068
107 109
107 111
107 117
107 167
107 387
107 565
107 892
107 985
107 990
107 1041
107 1165
107 1178
108 119
108 296
108 329
108 378
108 461
108 520
108 1058
109 194
109 383
109 558
109 624
109 685
109 704
109 803
109 921
109 1122
110 111
110 184
110 433
110 478
110 520
110 509
110 646
110 765
110 1046
111 120
111 124
111 142
111 172
111 186
111 269
111 283
111 349
111 362
111 408
111 445
111 476
111 539
111 567
111 738
111 771
111 840
111 859
111 1038
111 1092
111 1113
112 120
112 144
112 154
112 276
112 414
112 531
112 546
112 665
112 738
112 1162
113 116
113 310
113 556
113 724
113 847
113 888
113 927
113 1141
114 163
114 218
114 255
114 372
114 397
114 399
114 400
114 491
114 632
114 712
114 952
114 990
114 995
114 1119
114 1139
114 1149
115 703
115 864
115 922
115 954
115 973
115 1013
115 1065
115 1066
116 217
116 254
116 349
116 515
116 507
116 716
116 779
116 948
116 964
116 1029
116 1167
116 1176
117 147
117 165
117 181
117 387
117 405
117 463
117 503
117 593
117 952
117 1083
118 244
118 246
118 268
118 594
118 657
118 805
118 1102
119 120
119 180
119 239
119 289
119 468
119 522
119 673
119 706
119 876
119 1133
120 187
120 226
120 247
120 286
120 352
120 426
120 482
120 580
120 651
120 746
120 898
120 901
120 916
120 1080
120 1185
129 139
129 128
129 171
129 239
129 306
129 352
129 415
129 486
129 577
129 636
129 684
129 982
129 1070
129 1131
130 136
130 139
130 125
130 171
130 172
130 365
130 399
130 435
130 550
130 575
130 653
130 751
130 835
130 932
130 1093
130 1160
131 138
131 139
131 123
131 175
131 285
131 371
131 604
131 849
131 968
131 1162
131 1163
132 136
132 126
132 185
132 187
132 197
132 212
132 291
132 303
132 326
132 551
132 617
132 707
132 725
132 729
132 831
132 923
132 1030
132 1069
133 137
133 138
133 125
133 126
133 177
133 186
133 195
133 241
133 344
133 360
133 531
133 591
133 702
133 1091
134 125
134 259
134 373
134 425
134 695
134 715
134 782
134 857
134 935
134 1130
135 204
135 307
135 356
135 412
135 574
135 631
135 707
135 749
135 849
135 1171
136 203
136 415
136 609
136 749
136 764
136 1105
136 1130
136 1164
136 1184
137 265
137 266
137 293
137 313
137 455
137 462
137 603
137 640
137 801
137 890
137 973
137 1031
137 1134
137 1171
138 126
138 127
138 155
138 188
138 196
138 580
138 760
138 938
138 942
138 944
138 968
138 1018
138 1070
138 1181
139 270
139 533
139 567
139 599
139 611
139 619
139 680
139 911
139 1146
140 249
140 490
140 595
140 906
121 123
121 145
121 193
121 204
121 366
121 477
121 870
121 1156
121 1190
122 127
122 182
122 225
122 276
122 387
122 504
122 629
122 633
122 638
122 737
122 826
122 1032
122 1159
122 1163
123 143
123 178
123 206
123 267
123 456
123 584
123 599
123 614
123 690
123 710
123 840
123 855
123 949
123 975
123 1086
124 125
124 126
124 152
124 168
124 416
124 550
124 552
124 684
125 147
125 228
125 230
125 401
125 558
125 625
125 653
125 1095
125 1129
125 1143
126 209
126 213
126 365
126 459
126 581
126 672
126 674
126 842
126 873
126 1069
126 1095
126 1164
127 218
127 252
127 301
127 351
127 360
127 443
127 507
127 538
127 594
127 619
127 716
127 719
127 982
127 1041
128 205
128 431
128 535
128 536
128 728
128 1044
128 1113
141 146
141 156
141 187
141 214
141 327
141 468
141 808
141 849
141 865
141 1031
141 1116
141 1129
141 1163
142 144
142 148
142 154
142 207
142 292
142 344
142 400
142 550
142 611
142 708
142 751
142 886
142 938
142 1001
142 1025
143 145
143 154
143 401
143 708
143 754
143 766
143 897
143 1192
144 202
144 607
144 684
144 685
144 738
144 878
144 981
144 1061
144 1160
145 160
145 189
145 287
145 393
145 466
145 505
145 736
145 804
145 819
145 829
145 847
145 876
145 908
145 964
145 1002
146 160
146 190
146 268
146 339
146 352
146 401
146 493
146 581
146 611
146 720
146 730
146 863
146 1154
147 282
147 459
147 490
147 546
147 710
147 766
147 814
147 909
147 941
147 1005
147 1008
147 1019
147 1057
147 1171
148 319
148 427
148 662
148 796
148 860
148 1036
149 153
149 159
149 182
149 223
149 394
149 511
149 564
149 734
149 927
149 951
149 1020
149 1127
149 1180
150 151
150 174
150 309
150 375
150 414
150 628
150 638
150 678
150 798
150 892
150 968
150 1050
150 1089
150 1099
150 1100
151 595
151 666
151 810
151 925
151 961
151 976
151 1105
152 153
152 154
152 160
152 259
152 247
152 539
152 692
152 746
152 765
152 899
152 1005
152 1075
153 325
153 368
153 598
153 621
153 685
153 796
153 1126
154 158
154 203
154 208
154 337
154 355
154 439
154 524
154 618
154 673
154 792
154 795
154 858
154 862
154 927
154 1015
154 1088
154 1162
155 263
155 866
155 882
155 888
155 923
155 932
155 1028
155 1141
155 1171
156 453
156 647
156 684
156 768
156 1000
156 1021
156 1158
156 1173
157 159
157 160
157 220
157 306
157 326
157 394
157 459
157 516
157 647
157 1162
157 1196
158 266
158 454
158 699
158 919
158 955
158 971
158 972
158 984
158 1079
159 194
159 469
159 526
159 610
159 631
159 635
159 680
159 749
159 791
159 876
159 1033
159 1043
159 1051
159 1178
159 1190
159 1195
160 175
160 450
160 532
160 643
160 659
160 793
160 869
160 1063
160 1157
160 1162
161 166
161 178
161 587
161 703
161 785
161 811
161 1189
162 172
162 214
162 262
162 264
162 527
162 545
162 945
163 172
163 177
163 227
163 273
163 274
163 318
163 436
163 809
163 902
163 911
163 923
164 174
164 194
164 286
164 505
164 596
164 675
164 1105
164 1197
165 174
165 271
165 284
165 493
165 611
165 652
165 798
165 809
165 859
165 960
165 971
165 1016
165 1020
165 1103
166 168
166 176
166 179
166 317
166 354
166 394
166 384
166 481
166 601
166 759
166 768
166 782
166 940
166 1162
166 1176
167 168
167 174
167 238
167 248
167 255
167 269
167 497
167 773
167 789
167 927
167 979
167 1073
167 1107
168 179
168 312
168 315
168 328
168 422
168 733
168 817
168 971
168 1077
169 171
169 179
169 456
169 501
169 666
169 973
169 1033
169 1163
170 171
170 546
170 848
171 221
171 347
171 415
171 440
171 577
171 652
171 681
171 730
171 864
171 873
171 1056
171 1172
172 173
172 258
172 351
172 443
172 643
172 649
172 1078
172 1185
173 177
173 258
173 372
173 407
173 454
173 638
173 889
173 1083
174 251
174 270
174 277
174 320
174 370
174 487
174 539
174 556
174 763
174 1074
175 177
175 286
175 365
175 537
175 545
175 606
175 658
175 699
175 752
175 755
175 817
175 957
175 975
175 1002
175 1105
175 1123
176 424
176 432
176 443
176 493
176 639
176 744
176 805
176 876
176 878
176 891
176 923
176 1105
177 328
177 461
177 556
177 635
177 644
177 700
177 756
177 900
177 971
177 972
177 1010
178 496
178 523
178 599
178 704
178 750
178 858
178 866
178 908
178 958
178 985
179 199
179 257
179 311
179 339
179 404
179 559
179 597
179 781
179 906
179 917
179 1100
179 1143
180 257
180 448
180 851
180 934
180 1006
181 187
181 195
181 500
181 534
181 621
181 662
181 791
181 855
181 968
181 1007
181 1050
181 1148
182 183
182 236
182 241
182 397
182 443
182 456
182 502
182 568
182 609
182 638
182 721
182 892
182 980
182 1152
183 184
183 185
183 259
183 447
183 470
183 501
183 712
183 746
183 823
183 842
184 188
184 289
184 363
184 428
184 452
184 571
184 652
184 738
184 939
184 1033
184 1182
185 190
185 198
185 328
185 370
185 422
185 596
185 713
185 990
185 996
185 1022
186 187
186 203
186 300
186 330
186 339
186 816
186 874
186 907
186 998
186 1008
186 1013
186 1150
186 1193
187 191
187 193
187 494
187 608
187 640
187 772
187 822
187 894
188 282
188 421
188 577
188 643
188 860
188 970
188 1152
189 193
189 196
189 749
189 777
189 827
189 1040
189 1143
190 195
190 219
190 405
190 668
190 686
190 825
190 917
190 1061
190 1150
191 193
191 196
191 459
191 979
191 997
191 1015
191 1076
191 1182
192 198
192 266
192 312
192 375
192 381
192 475
192 516
192 546
192 766
192 893
192 935
192 958
193 305
193 416
193 531
193 738
193 988
193 1004
193 1012
193 1120
194 197
194 198
194 435
194 573
194 581
194 607
194 1170
195 197
195 199
195 224
195 267
195 497
195 505
195 507
195 919
195 1006
195 1057
195 1084
195 1100
195 1115
196 251
196 290
196 316
196 541
196 712
196 808
196 858
196 887
196 896
196 1086
196 1169
197 305
197 386
197 466
197 495
197 518
197 563
197 751
198 200
198 372
198 464
198 483
198 488
198 673
198 696
198 733
198 743
198 745
198 845
198 883
198 936
198 1011
199 422
199 445
199 516
199 503
199 1071
199 1180
200 216
200 318
200 488
200 501
200 704
200 726
200 832
200 926
200 1004
201 204
201 435
201 758
201 770
201 952
201 1020
201 1037
201 1132
202 204
202 207
202 214
202 310
202 320
202 354
202 379
202 401
202 478
202 588
202 615
202 1089
203 266
203 558
203 610
203 665
203 687
203 954
203 973
203 1131
203 1178
204 210
204 218
204 331
204 537
204 590
204 992
204 1063
204 1122
204 1181
205 211
205 267
205 381
205 1030
205 1054
205 1175
206 208
206 214
206 216
206 218
206 253
206 384
206 409
206 470
206 522
206 653
206 801
206 810
206 871
206 906
206 917
206 941
206 1156
206 1157
207 210
207 216
207 233
207 270
207 272
207 542
207 572
207 602
207 838
207 906
207 957
207 959
207 1027
207 1033
207 1095
208 216
208 292
208 336
208 566
208 570
208 601
208 622
208 703
208 937
208 1017
208 1019
208 1065
208 1189
209 210
209 257
209 364
209 412
209 455
209 459
209 689
209 901
209 930
209 946
209 960
209 994
210 213
210 354
210 391
210 555
210 578
210 729
210 781
210 784
210 801
211 217
211 218
211 385
211 934
211 950
211 1107
211 1109
211 1126
212 214
212 218
212 452
212 569
212 877
212 880
212 976
213 230
213 246
213 472
213 587
213 681
213 698
213 761
213 888
214 245
214 342
214 375
214 503
214 535
214 582
214 743
214 792
214 875
214 950
214 1018
214 1044
214 1096
214 1099
214 1126
215 261
215 288
215 320
215 485
215 541
215 566
215 783
215 825
215 954
216 219
216 371
216 397
216 430
216 828
216 865
216 954
216 959
216 966
216 1107
217 253
217 286
217 290
217 291
217 446
217 540
217 572
217 593
217 603
217 812
217 916
217 973
217 1061
218 469
218 595
218 757
218 801
218 925
218 934
218 935
218 987
218 1018
219 343
219 383
219 419
219 554
220 250
220 274
220 531
220 563
220 635
220 744
220 764
220 819
220 921
220 924
220 935
221 231
221 241
221 270
221 286
221 382
221 441
221 559
221 617
221 647
221 805
221 1031
221 1032
221 1115
221 1132
221 1154
222 223
222 242
222 307
222 324
222 789
222 801
222 944
222 987
222 1076
222 1188
223 225
223 227
223 228
223 236
223 286
223 288
223 347
223 411
223 470
223 487
223 519
223 510
223 570
223 623
223 700
223 749
223 1046
223 1083
224 240
224 479
224 566
224 640
224 985
225 227
225 293
225 337
225 495
225 573
225 687
225 853
225 987
225 1028
225 1079
225 1174
225 1187
226 230
226 231
226 233
226 234
226 290
226 426
226 515
226 706
226 872
226 933
226 946
227 234
227 239
227 299
227 413
227 510
227 651
227 662
227 772
227 927
228 230
228 250
228 300
228 324
228 426
228 512
228 585
228 689
228 752
228 780
228 809
228 1048
228 1076
228 1176
229 230
229 240
229 489
229 553
229 612
229 636
229 695
229 715
229 990
229 1041
229 1085
229 1172
230 251
230 299
230 307
230 337
230 409
230 457
230 463
230 498
230 511
230 559
230 585
230 611
230 828
230 872
230 879
230 1070
230 1140
231 234
231 314
231 549
231 677
231 718
231 738
231 780
231 805
231 853
231 1101
232 265
232 268
232 963
232 1016
232 1039
232 1175
233 235
233 350
233 379
233 485
233 501
233 647
233 940
233 1028
233 1029
233 1090
233 1095
233 1160
234 398
234 658
234 875
234 886
234 954
234 1164
234 1190
235 239
235 240
235 458
235 502
235 548
235 566
235 813
235 837
235 1026
236 254
236 373
236 391
236 496
236 622
236 684
236 747
236 944
236 980
236 1092
237 321
237 487
237 582
237 715
237 822
237 1034
237 1102
237 1162
238 366
238 592
238 684
238 810
238 813
238 962
238 972
238 1074
239 279
239 457
239 530
239 535
239 603
239 607
239 661
239 707
239 788
239 817
239 897
239 1083
239 1146
239 1197
240 264
240 292
240 296
240 691
240 739
240 742
240 759
240 869
240 983
240 1003
240 1055
240 1061
240 1162
240 1165
257 241
257 255
257 301
257 443
257 533
257 550
257 566
257 691
257 754
257 909
257 917
257 987
257 1018
258 242
258 248
258 250
258 368
258 528
258 532
258 569
258 580
258 607
258 637
258 654
258 678
258 960
258 973
258 974
258 982
258 1032
258 1160
259 339
259 420
259 440
259 616
259 686
259 716
259 793
259 998
259 1135
259 1162
260 317
260 416
260 710
260 962
260 1093
260 1105
241 561
241 615
241 657
241 797
241 1122
242 244
242 289
242 462
242 614
242 647
242 864
242 943
242 1051
243 247
243 249
243 252
243 255
243 335
243 439
243 486
243 540
243 606
243 689
243 857
243 934
244 256
244 438
244 501
244 674
244 762
244 788
244 857
244 951
244 1173
245 249
245 315
245 361
245 407
245 473
245 685
245 691
245 829
245 854
245 879
246 367
246 686
246 705
246 710
246 715
246 762
246 1089
246 1159
247 256
247 284
247 444
247 455
247 551
247 559
247 637
247 774
247 929
247 1112
247 1133
247 1135
248 255
248 334
248 342
248 428
248 523
248 629
248 640
248 781
248 815
248 865
248 916
248 994
249 390
249 537
249 771
249 823
249 893
249 953
249 980
249 1037
250 254
250 499
250 503
250 530
250 620
250 630
250 709
250 745
250 861
250 873
250 1078
251 252
251 363
251 454
251 517
251 630
251 663
251 749
251 919
251 1020
251 1175
252 256
252 265
252 279
252 314
252 341
252 355
252 379
252 754
252 864
252 996
252 1107
252 1109
252 1121
252 1126
252 1161
253 256
253 273
253 418
253 564
253 1021
253 1140
253 1143
254 256
254 295
254 316
254 494
254 623
254 744
254 1018
254 1120
255 398
255 441
255 625
255 872
255 875
255 907
255 1043
255 1052
255 1150
256 435
256 667
256 672
256 693
256 704
256 931
256 948
256 963
256 1127
261 267
261 275
261 428
261 472
261 512
261 528
261 541
261 628
261 891
261 1157
262 265
262 366
262 370
262 798
262 888
262 1051
262 1146
262 1183
262 1197
263 264
263 271
263 572
263 604
263 642
263 848
263 920
263 957
263 1085
263 1139
263 1169
264 266
264 333
264 358
264 383
264 442
264 527
264 641
264 669
264 777
264 829
264 1104
264 1119
265 275
265 276
265 370
265 409
265 672
265 690
265 719
265 752
265 782
265 826
265 871
265 881
265 1149
266 317
266 418
266 519
266 502
266 556
266 567
267 268
267 272
267 417
267 537
267 640
267 899
267 993
267 1028
267 1037
268 275
268 391
268 428
268 516
268 798
268 944
268 959
268 1054
268 1133
268 1166
269 351
269 441
269 462
269 556
269 590
269 593
269 746
269 759
269 762
269 766
269 992
269 1028
269 1037
269 1054
269 1188
270 320
270 353
270 578
270 582
270 865
270 1052
271 277
271 372
271 447
271 525
271 545
271 597
271 746
271 755
271 798
271 808
271 849
271 1061
271 1158
272 278
272 323
272 510
272 621
272 661
272 731
272 765
272 822
272 840
272 858
272 876
272 1155
273 322
273 546
273 585
273 587
273 605
273 756
274 319
274 339
274 399
274 437
274 554
274 579
274 581
274 714
274 733
274 745
274 812
274 889
274 1143
275 282
275 340
275 342
275 344
275 391
275 475
275 482
275 554
275 558
275 609
275 738
275 740
275 807
275 819
275 957
275 1129
275 1191
276 293
276 334
276 367
276 389
276 436
276 621
276 630
276 707
276 741
276 940
276 1062
276 1114
276 1154
277 286
277 295
277 362
277 485
277 579
277 756
277 974
277 1069
277 1071
277 1148
277 1196
278 366
278 416
278 435
278 569
278 658
278 766
278 788
278 844
278 991
278 1109
279 463
279 670
279 876
279 1028
279 1063
280 297
280 518
280 680
280 720
280 772
280 792
280 872
280 920
280 994
280 1011
280 1189
280 1196
281 293
281 492
281 625
281 861
281 893
281 908
281 1024
281 1138
282 285
282 287
282 401
282 407
282 480
282 624
282 677
282 857
282 1096
282 1191
283 297
283 519
283 608
283 626
283 651
283 716
283 725
283 842
283 847
283 987
284 288
284 295
284 303
284 412
284 465
284 632
284 708
284 968
284 1151
284 1198
285 296
285 300
285 340
285 383
285 591
285 846
285 1131
286 290
286 449
286 571
286 614
286 790
286 1009
286 1015
286 1078
287 301
287 427
287 693
287 706
287 753
287 870
287 961
287 1014
287 1040
287 1122
287 1179
288 292
288 294
288 300
288 317
288 430
288 536
288 537
288 695
288 764
288 867
288 990
288 1033
288 1124
288 1157
289 296
289 299
289 328
289 352
289 662
289 707
289 783
289 789
289 890
289 1107
290 292
290 425
290 438
290 594
290 745
290 805
290 849
290 900
290 911
290 1015
291 433
291 553
291 608
291 694
291 963
291 1143
291 1165
292 544
292 835
292 880
292 1037
293 406
293 496
293 634
293 703
293 743
293 841
293 1060
293 1100
293 1156
294 299
294 310
294 442
294 545
294 625
294 698
294 773
294 880
294 914
294 1009
294 1078
295 296
295 364
295 538
295 686
295 701
295 730
295 854
295 939
295 947
295 1005
295 1013
295 1059
295 1099
295 1174
296 645
296 683
296 745
296 1178
297 430
297 443
297 453
297 878
297 894
297 905
297 984
297 1070
297 1088
298 686
298 702
298 789
298 1130
299 367
299 408
299 486
299 704
299 791
299 807
299 1040
299 1079
299 1082
300 442
300 466
300 488
300 492
300 607
300 699
300 711
300 769
300 806
300 899
300 911
300 916
300 990
300 1007
301 308
301 315
301 549
301 819
302 303
302 305
302 435
302 501
302 631
302 660
302 700
302 878
302 910
302 958
302 969
302 1036
303 342
303 374
303 386
303 461
303 476
303 586
303 602
303 649
303 656
303 663
303 1009
303 1056
303 1135
304 314
304 320
304 497
304 651
304 728
304 732
304 871
304 960
304 1065
305 311
305 317
305 362
305 371
305 418
305 457
305 578
305 627
305 776
305 1037
305 1067
305 1177
305 1195
306 313
306 320
306 793
306 936
307 331
307 507
307 687
307 778
307 788
307 798
307 878
307 903
307 1151
307 1168
307 1194
308 527
308 596
308 862
308 1040
308 1106
308 1161
309 313
309 337
309 440
309 454
309 688
309 693
309 695
309 785
309 928
309 929
309 1025
310 312
310 313
310 315
310 414
310 526
310 740
310 800
310 825
310 940
310 995
310 1159
310 1162
311 408
311 468
311 470
311 497
311 525
311 873
311 912
311 934
311 1104
312 352
312 363
312 373
312 513
312 545
312 654
312 671
312 849
312 1158
313 440
313 584
313 879
313 948
313 1009
313 1044
313 1045
313 1065
313 1174
313 1187
314 371
314 377
314 426
314 451
314 519
314 547
314 645
314 765
314 827
314 1001
314 1033
314 1061
314 1158
314 1174
315 352
315 447
315 455
315 617
315 755
315 878
315 917
315 1062
316 501
316 537
316 549
316 555
316 640
316 685
316 1043
316 1102
316 1159
317 318
317 319
317 453
317 586
317 630
317 671
317 692
317 757
317 759
318 358
318 362
318 432
318 555
318 826
318 971
318 1062
318 1075
318 1085
319 377
319 542
319 548
319 580
319 902
319 905
319 1117
319 1135
320 408
320 480
320 526
320 599
320 736
320 751
320 804
320 879
320 976
320 1086
320 1122
320 1138
321 324
321 338
321 375
321 393
321 460
321 665
321 748
321 775
321 910
321 983
321 1068
321 1160
322 324
322 348
322 362
322 389
322 417
322 422
322 427
322 582
322 607
322 819
322 883
322 901
322 936
322 948
322 1139
323 590
323 595
323 1112
323 1155
323 1173
324 334
324 338
324 339
324 382
324 440
324 535
324 767
324 1007
324 1127
324 1169
325 330
325 571
325 658
325 836
325 957
325 1068
325 1079
326 335
326 402
326 488
326 742
326 899
326 1010
326 1092
326 1113
326 1163
326 1175
327 331
327 339
327 399
327 435
327 629
327 730
327 974
327 1147
328 549
328 1027
328 1127
329 520
329 526
329 533
329 643
329 773
329 886
329 1051
329 1055
329 1103
330 332
330 334
330 338
330 341
330 343
330 479
330 554
330 696
330 803
330 813
330 940
330 1114
330 1158
331 336
331 471
331 679
331 689
331 795
331 843
331 893
331 1045
331 1053
331 1080
331 1154
332 337
332 442
332 549
332 552
332 629
332 957
332 1080
332 1130
333 352
333 405
333 551
333 703
333 722
333 902
333 961
333 1101
333 1150
334 335
334 344
334 448
334 454
334 473
334 506
334 529
334 544
334 579
334 690
334 710
334 782
334 886
334 907
334 1140
335 399
335 495
335 500
335 517
335 519
335 663
335 758
335 823
335 1037
335 1047
336 364
336 457
336 553
336 654
336 655
336 802
336 903
336 970
336 1036
336 1157
336 1193
336 1195
337 458
337 636
337 714
337 808
337 867
337 868
337 964
337 1186
338 615
338 711
338 752
338 840
338 878
338 911
338 927
338 1015
338 1099
338 1133
338 1142
338 1150
338 1174
339 378
339 395
339 420
339 453
339 479
339 650
339 705
339 706
339 839
339 1115
339 1129
339 1195
340 353
340 432
340 562
340 602
340 647
340 735
340 805
340 837
340 856
340 1012
341 345
341 346
341 349
341 439
341 546
341 605
341 743
341 756
341 786
341 814
341 818
341 863
341 889
341 954
341 1030
342 563
342 637
342 772
342 907
342 1038
342 1157
342 1145
343 373
343 413
343 833
343 840
343 912
343 1182
344 445
344 727
344 811
344 903
344 1060
345 351
345 353
345 563
345 577
345 649
345 651
345 1170
345 1195
346 351
346 352
346 437
346 452
346 501
346 572
346 644
346 836
346 900
346 1158
347 358
347 505
347 676
347 691
347 733
347 734
347 889
347 924
347 1084
347 1138
348 352
348 359
348 375
348 404
348 557
348 675
348 772
348 825
348 878
348 1083
348 1106
348 1124
349 354
349 550
349 677
349 703
349 852
349 889
349 950
349 957
349 973
349 1011
349 1014
349 1035
349 1066
349 1096
349 1100
350 391
350 444
350 461
350 473
350 683
350 778
350 788
350 804
350 894
350 996
350 1029
350 1033
350 1035
350 1185
351 355
351 359
351 368
351 401
351 570
351 655
351 686
351 763
351 1015
351 1056
351 1079
351 1109
351 1117
351 1159
352 360
352 514
352 593
352 929
352 1131
353 357
353 359
353 562
353 1027
353 1028
353 1035
353 1098
353 1131
354 466
354 486
354 504
354 713
354 813
354 940
354 987
355 494
355 640
355 661
355 869
355 924
355 1039
355 1141
356 393
356 449
356 535
356 663
356 743
356 834
356 847
356 1003
356 1014
356 1028
356 1072
356 1119
357 483
357 504
357 543
357 554
357 594
357 642
357 672
357 960
357 961
357 1109
357 1182
357 1197
358 360
358 581
358 606
358 755
358 800
358 877
358 1048
358 1138
359 456
359 602
359 699
359 725
359 751
359 869
359 915
359 1044
359 1078
360 373
360 382
360 469
360 698
360 868
360 881
360 967
360 992
360 1047
360 1067
361 378
361 380
361 728
361 878
361 960
361 990
361 1072
361 1082
362 366
362 372
362 373
362 378
362 379
362 456
362 499
362 542
362 592
362 617
362 658
362 769
362 823
362 874
362 875
362 887
362 901
362 1129
363 367
363 379
363 503
363 558
363 607
363 762
363 897
363 937
363 1043
363 1099
363 1186
364 369
364 421
364 454
364 511
364 526
364 579
364 643
364 866
364 1169
365 366
365 367
365 461
365 586
365 637
365 674
365 731
365 774
365 763
365 791
365 827
365 1132
366 393
366 557
366 826
366 871
366 874
366 944
366 945
366 1014
366 1074
367 371
367 417
367 520
367 606
367 1065
367 1073
368 369
368 371
368 380
368 452
368 513
368 574
368 596
368 644
368 735
368 856
368 1033
368 1066
368 1079
368 1083
368 1158
369 591
369 605
369 693
369 750
369 859
369 1103
369 1173
369 1186
370 371
370 372
370 376
370 715
370 913
370 953
371 372
371 457
371 561
371 785
371 816
371 946
371 1070
371 1098
371 1113
372 435
372 545
372 558
372 563
372 591
372 608
372 783
372 836
373 375
373 537
373 547
373 592
373 664
373 703
373 754
373 792
373 798
373 925
373 1070
373 1086
374 451
374 600
374 735
374 736
374 866
374 969
374 1158
374 1141
374 1162
374 1184
375 692
375 719
375 748
375 752
375 871
375 926
375 1016
375 1199
376 554
376 677
376 686
376 855
376 914
377 378
377 439
377 566
377 587
377 863
377 900
377 885
377 962
377 1142
378 389
378 581
378 595
378 683
378 943
378 1043
378 1123
378 1162
379 380
379 479
379 670
379 750
379 839
379 927
379 1198
380 383
380 562
380 727
380 798
380 802
380 857
380 1097
385 390
385 398
385 423
385 510
385 817
385 944
385 998
385 1042
385 1088
385 1139
385 1182
386 387
386 393
386 399
386 507
386 590
386 601
386 699
386 988
386 1121
386 1125
387 393
387 384
387 464
387 469
387 535
387 653
387 707
387 757
387 857
387 973
387 1098
388 390
388 397
388 426
388 495
388 567
388 631
388 932
389 384
389 589
389 753
389 842
389 917
389 1000
389 1036
389 1181
389 1200
390 397
390 575
390 691
390 710
390 768
390 788
390 837
390 1093
390 1096
390 1140
390 1184
391 394
391 468
391 581
391 666
391 691
391 783
391 837
391 846
391 916
391 920
391 1019
391 1040
391 1098
391 1138
392 398
392 400
392 384
392 424
392 512
392 709
392 892
392 1155
393 836
393 886
393 901
393 968
393 983
393 989
393 1030
393 1104
393 1157
394 395
394 381
394 422
394 454
394 512
394 535
394 825
394 915
394 931
394 1195
395 397
395 382
395 445
395 551
395 600
395 754
396 398
396 412
396 540
396 738
396 779
396 862
396 928
396 980
396 1118
396 1135
396 1193
397 400
397 448
397 470
397 568
397 624
397 715
397 911
397 986
397 1023
397 1115
398 421
398 426
398 464
398 653
398 669
398 712
398 905
398 986
398 1026
398 1126
398 1142
398 1150
399 382
399 403
399 560
399 825
399 832
399 1181
399 1198
400 384
400 496
400 570
400 680
400 788
400 973
400 999
400 1133
400 1184
381 422
381 501
381 547
381 612
381 804
382 383
382 406
382 463
382 709
382 1008
382 1073
382 1088
383 432
383 471
383 660
383 703
383 817
383 914
383 968
383 1057
383 1083
383 1136
383 1140
384 480
384 964
384 977
384 1117
384 1119
384 1192
401 406
401 451
401 453
401 463
401 629
401 690
401 731
401 743
401 752
401 927
401 967
401 1001
401 1119
401 1129
401 1186
402 403
402 407
402 411
402 467
402 497
402 686
402 757
402 1106
403 415
403 569
403 640
403 843
403 1023
403 1079
404 406
404 410
404 430
404 448
404 546
404 580
404 804
404 868
404 956
404 963
404 1025
405 408
405 409
405 419
405 501
405 737
405 800
405 931
405 933
405 962
405 1122
405 1126
405 1138
405 1197
406 537
406 569
406 716
406 748
406 951
406 1068
407 437
407 501
407 648
407 680
407 686
407 690
407 699
407 899
407 947
407 1019
407 1064
408 616
408 648
408 1120
409 412
409 414
409 830
409 1127
410 411
410 570
410 645
410 721
410 790
410 951
410 1023
410 1108
411 414
411 432
411 440
411 616
411 723
411 771
411 853
411 915
411 989
411 1005
411 1012
411 1033
412 446
412 725
412 913
412 928
412 969
413 414
413 728
413 832
413 843
413 875
413 1050
413 1091
414 489
414 582
414 604
414 780
414 858
414 951
414 1193
415 468
415 576
415 608
415 801
415 944
415 954
415 975
415 1027
416 418
416 468
416 511
416 710
416 781
416 1012
416 1165
417 419
417 535
417 608
417 710
417 718
417 743
417 948
417 1112
417 1128
418 513
418 596
418 616
418 618
418 882
418 1190
419 513
419 981
419 983
419 985
419 1012
419 1128
419 1144
420 558
420 600
420 743
420 770
420 844
420 913
420 925
421 564
421 586
421 597
421 637
421 992
421 1083
422 431
422 434
422 437
422 545
422 547
422 754
422 885
422 980
422 995
422 1059
422 1100
423 455
423 518
423 673
423 716
423 907
423 1048
423 1071
424 433
424 544
424 585
424 669
424 677
424 727
424 1032
424 1086
424 1124
424 1138
424 1172
424 1175
425 438
425 606
425 658
425 747
425 819
425 847
426 771
426 764
426 833
426 952
426 957
426 1100
426 1152
427 434
427 435
427 467
427 543
427 631
427 654
427 713
427 1164
428 435
428 438
428 480
428 1125
428 1162
428 1166
429 431
429 434
429 553
429 597
429 674
429 886
429 939
429 955
429 1015
429 1144
430 513
430 613
430 630
430 730
430 805
430 976
430 1015
430 1027
430 1083
430 1086
430 1189
431 437
431 519
431 541
431 810
431 912
431 1104
431 1141
432 558
432 609
432 773
432 824
432 954
432 979
432 992
432 1044
432 1118
433 440
433 468
433 561
433 591
433 637
433 787
433 807
433 822
433 834
433 850
433 957
433 966
433 1000
433 1145
433 1165
434 535
434 612
434 622
434 800
434 803
435 509
435 544
435 602
435 707
435 904
436 437
436 572
436 587
436 634
436 647
436 720
436 746
436 850
436 1057
437 515
437 726
437 759
437 778
437 872
437 892
437 993
437 1148
438 609
438 785
438 825
438 1030
438 1178
438 1182
439 459
439 469
439 691
439 775
439 768
439 807
439 862
439 908
439 998
439 1066
439 1104
439 1131
439 1146
440 772
440 869
440 1028
440 1101
440 1164
441 444
441 445
441 453
441 458
441 523
441 614
441 734
441 776
441 960
441 1086
442 448
442 449
442 459
442 535
442 558
442 623
442 642
442 693
442 742
442 783
442 1026
443 444
443 452
443 527
443 580
443 606
443 684
443 756
443 1004
443 1132
444 451
444 673
444 776
444 976
444 1180
445 449
445 458
445 578
445 585
445 706
445 843
445 866
446 450
446 453
446 456
446 467
446 595
446 1199
447 496
447 758
447 791
447 879
447 885
447 908
447 932
447 1055
447 1067
448 459
448 513
448 690
448 817
448 845
448 963
448 1029
448 1134
449 450
449 454
449 522
449 563
449 574
449 594
449 635
449 647
449 907
449 924
449 952
450 451
450 532
450 539
450 586
450 677
450 691
450 786
450 1019
450 1031
451 531
451 548
451 563
451 571
451 632
451 645
451 688
451 914
451 978
451 992
451 1039
451 1045
452 459
452 538
452 594
452 709
452 866
452 896
452 910
452 1094
452 1148
453 545
453 740
453 758
453 904
453 959
453 989
453 1009
454 456
454 458
454 643
454 712
454 813
454 855
454 872
454 949
454 1018
454 1044
454 1184
455 456
455 690
455 764
455 837
455 885
456 460
456 571
456 575
456 769
456 1015
456 1091
457 492
457 494
457 592
457 609
457 898
457 1045
458 529
458 657
458 735
458 1022
459 505
459 684
459 732
459 757
459 790
459 1068
460 496
460 524
460 562
460 691
460 733
460 752
460 762
460 1036
461 478
461 536
461 548
461 787
461 807
461 904
461 1023
461 1094
462 475
462 483
462 541
462 555
462 619
462 652
462 704
462 770
462 828
462 927
462 931
462 972
462 1034
462 1050
462 1195
463 466
463 469
463 476
463 478
463 613
463 655
463 718
463 775
463 793
464 501
464 508
464 548
464 566
464 576
464 596
464 760
464 810
464 820
464 929
464 936
464 1044
465 470
465 480
465 512
465 703
465 708
465 756
465 815
465 875
465 1022
465 1092
465 1182
466 479
466 496
466 666
466 785
466 1080
467 591
467 632
467 798
467 886
467 990
468 475
468 498
468 758
468 838
468 878
468 917
468 989
468 1031
468 1072
468 1154
469 472
469 493
469 612
469 714
469 842
469 851
469 927
469 1036
469 1163
470 522
470 538
470 742
470 936
470 956
470 1006
470 1172
471 472
471 478
471 728
471 763
471 886
471 1139
472 475
472 550
472 593
472 617
472 669
472 854
472 922
472 972
473 477
473 608
473 677
473 717
473 850
473 887
473 964
473 1126
473 1145
474 476
474 596
474 606
474 664
474 839
474 995
474 1025
474 1073
474 1094
474 1182
475 533
475 679
475 716
475 946
475 1083
475 1084
475 1178
475 1189
476 480
476 535
476 723
476 731
476 743
476 838
476 1099
477 478
477 890
477 1022
477 1057
478 534
478 573
478 630
478 635
478 665
478 831
478 878
478 975
478 1160
479 648
479 1001
479 1002
479 1122
479 1157
480 553
480 683
480 702
480 866
480 908
480 983
480 1030
480 1165
481 484
481 498
481 504
481 534
481 576
481 686
481 771
481 847
482 484
482 494
482 496
482 499
482 649
482 867
483 495
483 499
483 544
483 611
483 906
483 1163
484 489
484 494
484 499
484 533
484 772
484 983
484 1053
484 1099
485 488
485 491
485 494
485 499
485 640
485 867
485 1005
485 1013
485 1016
486 489
486 490
486 495
486 822
486 939
486 970
486 1046
486 1093
486 1103
487 495
487 496
487 593
487 623
487 900
487 932
487 1011
487 1087
488 520
488 770
488 949
488 977
488 1153
489 493
489 499
489 517
489 549
489 552
489 658
489 687
489 885
489 901
489 914
489 1122
490 493
490 518
490 970
490 1021
490 1083
491 685
491 735
491 767
491 832
491 903
491 1000
491 1015
492 495
492 519
492 558
492 644
492 651
492 698
492 991
492 994
492 1145
493 540
493 583
493 803
493 1008
493 1032
493 1023
493 1113
494 496
494 576
494 615
494 619
494 677
494 688
494 691
494 884
494 1066
494 1085
494 1089
494 1094
494 1164
495 497
495 502
495 510
495 545
495 642
495 936
495 1106
496 536
496 988
496 1046
496 1075
496 1165
497 591
497 813
497 824
497 913
497 988
497 1037
497 1162
498 511
498 571
498 607
498 752
498 753
498 835
498 901
498 922
498 1148
499 500
499 506
499 511
499 548
499 551
499 926
499 929
499 934
499 936
499 1053
499 1138
500 588
500 680
500 760
500 855
500 976
500 1091
500 1146
513 519
513 510
513 618
513 809
513 894
513 986
513 1079
514 518
514 510
514 748
514 816
514 873
514 913
514 1060
514 1066
514 1140
514 1197
515 517
515 519
515 504
515 897
515 976
515 1196
516 503
516 506
516 634
516 692
516 721
516 760
516 767
516 834
516 842
516 950
516 987
516 1071
517 510
517 638
517 642
517 690
517 721
517 803
517 878
517 892
517 912
517 1024
517 1070
517 1085
517 1156
517 1170
517 1179
517 1188
518 505
518 510
518 528
518 530
518 641
518 701
518 773
518 764
518 789
518 900
518 926
518 927
518 1101
518 1106
518 1138
518 1174
519 545
519 1027
519 1174
519 1180
520 502
520 511
520 512
520 879
520 922
520 1007
520 1131
501 511
501 798
501 851
501 937
501 990
502 505
502 511
502 732
502 929
502 1077
503 512
503 529
503 554
503 683
503 849
503 930
503 957
503 1032
503 1108
503 1129
503 1180
504 566
504 620
504 729
504 745
504 751
504 975
504 1000
504 1091
504 1154
505 543
505 872
505 1082
505 1146
506 559
506 731
506 733
506 736
506 821
506 875
506 915
506 1126
506 1180
506 1198
507 720
507 745
507 938
507 1029
507 1119
507 1136
508 521
508 1078
508 1107
508 1163
509 512
509 549
509 587
509 612
509 704
509 714
509 815
509 877
509 916
509 932
509 1041
509 1181
510 548
510 594
510 730
510 897
511 585
511 620
511 695
511 800
511 956
511 1009
512 619
512 688
512 737
512 787
512 972
512 1047
512 1048
512 1069
512 1163
512 1183
521 529
521 533
521 537
521 539
521 626
521 731
521 785
521 798
521 864
521 1017
521 1140
521 1154
521 1142
521 1198
522 532
522 533
522 572
522 655
522 730
522 749
522 901
522 1105
522 1155
522 1179
522 1193
523 707
523 825
523 846
523 951
523 1023
523 1098
524 530
524 547
524 606
524 747
524 828
524 1018
524 1060
524 1087
524 1105
525 532
525 537
525 577
525 631
525 728
525 864
525 997
525 1139
525 1144
525 1168
526 575
526 728
526 862
526 897
526 918
526 1091
526 1199
527 530
527 539
527 738
527 781
527 917
528 543
528 544
528 574
528 633
528 669
528 675
528 836
528 875
528 916
528 949
528 960
528 972
528 992
528 1040
529 709
529 753
529 959
529 966
529 1126
529 1136
530 538
530 572
530 692
530 775
530 869
530 1028
530 1109
530 1140
531 537
531 549
531 676
531 856
531 922
531 1045
531 1114
531 1159
531 1160
532 533
532 540
532 661
532 774
532 803
532 821
532 844
532 1004
532 1074
532 1154
533 647
533 667
533 1000
533 1077
533 1127
534 539
534 659
534 786
534 808
534 841
534 875
534 907
534 1168
534 1171
535 538
535 766
535 1084
536 616
536 643
536 728
536 734
536 834
536 847
536 903
536 912
536 914
536 1147
537 701
537 896
537 910
537 1050
537 1154
537 1155
538 606
538 749
538 863
538 942
538 968
538 995
538 999
538 1052
538 1077
538 1078
538 1117
538 1156
538 1188
539 576
539 586
539 633
539 816
539 825
539 861
539 875
539 1007
539 1018
539 1071
539 1073
539 1078
540 770
540 1133
540 1190
541 542
541 683
541 692
541 956
541 1016
541 1072
542 575
542 752
542 764
542 909
542 913
542 924
542 1010
542 1030
542 1112
542 1135
543 544
543 558
544 549
544 748
544 949
544 975
544 1035
544 1174
544 1189
545 547
545 554
545 558
545 563
545 629
545 733
545 766
545 847
545 949
545 1068
546 548
546 558
546 728
546 732
546 740
546 977
546 1004
546 1094
547 864
547 932
547 968
547 994
547 1112
547 1131
547 1198
548 589
548 843
548 960
548 983
549 553
549 559
549 560
549 689
549 846
549 867
549 988
549 1077
550 555
550 556
550 558
550 870
550 1014
550 1102
550 1111
550 1125
550 1195
550 1199
551 624
551 670
551 723
551 994
551 1102
551 1165
552 703
552 731
552 746
552 853
552 889
552 1005
552 1051
552 1106
553 558
553 559
553 560
553 730
553 787
553 1107
553 1197
554 670
554 734
554 748
554 800
554 872
554 951
554 1029
554 1157
554 1169
555 558
555 701
555 803
555 901
555 919
555 1136
555 1196
556 661
556 801
556 813
556 891
556 965
556 1143
556 1184
556 1190
557 794
557 840
557 859
557 1070
557 1088
557 1151
558 843
558 936
558 997
558 1174
559 560
559 733
559 837
559 997
560 620
560 731
560 795
560 849
560 864
560 914
560 927
560 978
560 1067
560 1072
561 562
561 564
561 570
561 575
561 580
561 630
561 638
561 639
561 762
561 813
561 855
561 892
561 940
561 966
561 1020
561 1089
562 563
562 576
562 614
562 655
562 876
562 1153
562 1147
563 574
563 736
563 748
563 800
563 871
563 956
563 1073
564 571
564 573
564 617
564 1027
564 1149
565 567
565 580
565 763
565 860
565 900
565 973
565 1024
566 577
566 676
566 701
566 742
566 886
566 1021
566 1065
567 572
567 621
567 706
567 825
567 975
567 980
567 1072
567 1078
567 1085
567 1142
568 569
568 571
568 580
568 919
568 925
568 997
569 573
569 577
569 591
569 725
569 955
569 973
569 1049
569 1122
569 1150
570 625
570 644
570 977
570 1126
571 739
571 969
571 1028
571 1125
571 1151
572 574
572 581
572 925
572 947
572 1086
572 1113
572 1146
573 576
573 727
573 960
573 968
573 1170
574 579
574 644
574 646
574 692
574 794
574 1165
575 647
575 681
575 788
575 829
575 909
575 972
575 1016
575 1147
575 1174
576 946
576 1193
577 923
577 926
577 945
577 1054
577 1168
578 580
578 899
578 950
578 1049
578 1092
579 624
579 753
579 801
579 1015
579 1019
579 1061
579 1109
580 624
580 627
580 683
580 816
580 882
580 1185
581 584
581 608
581 671
581 853
581 917
582 595
582 600
582 633
582 648
582 697
582 833
582 999
582 1140
582 1159
582 1172
582 1182
583 585
583 590
583 597
583 599
583 630
583 947
583 1018
583 1064
583 1087
583 1153
584 590
584 596
584 866
584 1003
584 1049
585 687
585 751
585 826
585 896
585 956
585 1100
586 588
586 600
586 720
586 771
586 971
587 591
587 593
587 594
587 600
587 699
587 721
587 1153
588 596
588 640
588 663
588 704
588 749
588 858
588 883
588 945
588 966
588 977
588 1022
588 1096
588 1164
589 594
589 632
589 638
589 684
589 697
589 751
589 769
589 994
589 1051
589 1056
589 1197
590 594
590 597
590 759
591 630
591 686
591 794
591 823
591 895
591 1029
591 1094
592 594
592 654
592 670
592 693
592 747
592 941
592 1114
593 1057
593 1165
593 1195
594 617
594 877
594 925
594 964
594 1016
595 650
595 675
595 1065
595 1136
596 716
596 787
596 816
596 876
596 974
596 1060
596 1123
596 1136
596 1153
597 600
597 867
597 898
597 889
598 618
598 866
598 1067
599 721
599 734
599 735
599 750
599 890
599 965
600 642
600 868
600 1189
601 602
601 746
601 1080
601 1108
601 1149
602 606
602 608
602 648
602 693
602 703
602 755
602 780
602 977
602 1039
602 1090
602 1157
603 607
603 615
603 617
603 796
603 797
603 949
603 979
603 989
603 1079
603 1165
604 610
604 616
604 754
604 1030
604 1041
604 1156
604 1148
605 701
605 881
605 988
605 1080
605 1094
606 607
606 620
606 874
606 929
606 957
606 1035
606 1121
607 640
607 822
607 896
607 910
607 978
607 1033
607 1128
608 609
608 896
608 915
608 1032
608 1176
608 1190
609 614
609 647
609 827
609 861
609 974
609 1095
610 620
610 900
610 887
610 973
610 1017
610 1079
611 620
611 721
611 930
611 1016
611 1117
611 1119
612 618
612 681
612 1014
612 1019
612 1094
612 1107
612 1179
613 620
613 647
613 683
613 955
613 973
613 979
613 1163
613 1175
614 618
614 724
614 763
614 927
614 1121
614 1144
615 622
615 908
615 937
615 1014
615 1053
615 1064
616 617
616 618
616 683
616 791
616 1074
616 1089
616 1166
617 780
617 863
617 884
617 960
617 1029
617 1082
618 820
618 940
618 1053
619 692
619 742
619 983
619 1074
620 731
620 739
620 783
620 947
620 1010
620 1158
621 629
621 653
621 741
621 850
621 994
621 1017
622 633
622 637
622 658
622 709
622 774
622 761
622 791
622 942
622 984
623 678
623 843
623 937
623 1059
623 1074
623 1171
623 1186
624 663
624 747
624 849
624 890
624 979
624 1009
624 1018
624 1083
624 1154
625 632
625 715
625 887
625 1005
625 1077
625 1172
625 1190
626 627
626 648
626 676
626 689
626 876
626 918
626 996
626 999
626 1040
626 1067
626 1096
626 1176
626 1181
627 633
627 637
627 668
627 883
627 960
627 1055
628 787
628 805
628 1080
629 635
629 770
629 841
629 892
629 950
629 986
629 1146
630 894
630 1109
631 808
631 954
631 1109
631 1113
632 686
632 693
632 987
632 1079
632 1102
633 673
633 688
633 795
633 870
633 981
633 984
633 1128
633 1171
634 635
634 688
634 742
634 949
634 988
634 1094
634 1095
634 1150
635 667
635 737
635 760
635 835
635 942
635 1033
635 1039
635 1058
636 818
636 952
636 1139
636 1154
636 1147
636 1171
637 638
637 639
637 643
637 745
637 1042
637 1081
637 1114
637 1139
637 1169
637 1177
638 767
638 868
638 913
638 997
639 683
640 699
640 743
640 750
640 756
640 853
640 874
640 918
640 1044
640 1061
640 1120
640 1136
641 642
641 664
641 904
641 957
641 987
641 1114
642 646
642 672
642 828
642 859
642 932
642 934
642 1068
642 1096
643 652
643 657
643 741
643 806
643 1009
643 1178
644 645
644 659
644 747
644 768
644 800
644 831
644 949
644 1179
645 649
645 1012
645 1197
646 692
646 839
646 843
646 952
646 1017
646 1078
647 707
647 772
647 843
647 870
647 887
647 989
647 1014
647 1037
647 1097
647 1157
647 1159
648 873
649 652
649 655
649 657
649 684
649 705
649 748
649 821
649 1128
649 1169
650 660
650 742
650 890
650 896
651 652
651 655
651 710
651 844
651 993
651 1050
651 1076
652 655
652 657
652 716
652 776
652 779
652 952
652 1017
652 1062
652 1179
653 691
653 747
653 869
653 965
653 1010
653 1040
653 1170
654 748
654 833
654 941
654 1088
655 741
655 899
655 911
655 1021
655 1139
656 658
656 782
656 795
656 828
656 839
656 1141
656 1165
657 788
657 959
657 1115
657 1134
657 1138
658 711
658 777
658 842
658 969
659 702
659 722
659 782
659 851
659 942
659 972
659 1012
659 1070
659 1134
659 1162
660 674
660 687
660 798
660 873
660 975
660 1006
660 1111
660 1137
660 1172
661 671
661 675
661 800
661 885
661 1060
661 1061
661 1131
662 665
662 723
662 724
662 771
662 787
662 861
662 866
662 955
662 984
663 669
663 745
663 751
663 927
663 991
663 1072
663 1143
664 674
664 680
664 758
664 779
664 836
664 928
664 963
664 992
664 1009
664 1041
665 1030
665 1082
666 669
666 739
666 870
666 876
666 934
666 1111
666 1176
667 676
667 716
667 729
667 1071
667 1106
668 842
668 982
668 1099
668 1192
669 678
669 709
669 735
669 847
669 945
669 1014
669 1060
669 1095
669 1149
670 676
670 727
670 1034
671 741
671 788
671 803
671 952
671 969
671 1013
671 1098
671 1107
672 675
672 679
672 779
672 803
672 865
672 938
672 988
672 1164
673 683
673 731
673 734
673 749
673 891
673 1034
673 1042
673 1137
674 676
674 706
674 793
675 689
675 782
675 801
675 875
675 885
675 1081
675 1088
675 1139
676 679
676 680
676 710
676 780
676 835
676 910
676 946
676 995
677 723
677 957
677 965
677 970
677 1034
677 1041
677 1088
677 1100
678 681
678 710
678 827
678 1021
678 1089
678 1117
678 1189
679 748
679 871
679 1009
679 1097
680 823
680 952
681 697
681 720
681 975
681 1098
682 686
682 689
682 693
682 695
682 696
682 743
682 838
682 1009
682 1040
682 1069
683 694
683 695
683 738
683 1176
683 1178
684 688
684 691
684 693
684 734
684 746
684 787
684 931
684 1183
685 687
685 758
685 767
685 975
685 1149
686 697
686 724
686 753
686 773
686 1007
686 1068
686 1135
686 1175
687 691
687 698
687 841
687 866
687 923
687 966
687 1048
687 1127
688 694
688 742
688 814
688 895
688 1149
689 695
689 697
689 762
689 963
689 964
689 968
689 1035
689 1109
689 1145
690 698
690 823
691 695
691 744
691 869
691 975
691 1120
691 1132
692 785
692 854
692 945
692 994
692 996
692 1006
692 1031
692 1125
692 1184
693 694
693 833
693 866
693 1131
694 700
694 976
695 697
695 700
695 784
695 815
695 955
695 1080
695 1086
695 1093
696 726
696 976
696 982
696 1121
696 1194
697 700
697 755
697 985
697 1007
697 1015
697 1114
697 1168
698 870
698 1002
698 1122
698 1169
699 708
699 866
699 981
699 992
699 1170
699 1192
700 870
700 892
700 908
700 986
700 1120
700 1165
701 702
701 703
701 708
701 773
701 763
701 1064
701 1144
701 1161
701 1185
702 714
702 805
702 911
702 949
702 963
702 1189
703 716
703 717
704 712
704 937
704 962
704 1003
704 1083
704 1178
705 712
705 1081
705 1123
706 758
706 887
706 908
706 960
706 1022
706 1200
707 716
707 939
707 1036
708 711
708 750
708 775
708 847
708 853
708 929
708 948
708 952
708 1002
708 1124
708 1183
708 1186
709 712
709 717
709 719
709 728
709 823
709 903
709 934
709 1041
709 1080
709 1092
709 1113
710 711
710 716
710 718
710 924
710 945
710 960
710 996
710 1046
710 1062
710 1101
710 1185
711 717
711 718
711 726
711 985
711 1027
711 1041
711 1080
712 874
712 1044
712 1154
713 778
713 934
713 977
713 1075
713 1078
713 1116
714 848
714 1023
714 1178
715 855
715 971
715 1078
715 1173
715 1200
716 866
716 907
716 935
716 940
716 1008
716 1016
716 1063
717 776
717 786
717 864
717 968
717 1040
717 1127
718 794
718 798
718 1096
718 1112
718 1196
719 720
719 721
719 805
719 832
719 934
719 953
719 974
720 1077
721 722
721 725
721 736
721 744
721 799
721 863
721 943
722 741
722 772
722 792
722 810
722 816
722 1018
722 1049
722 1070
722 1144
723 781
723 801
723 972
723 1034
723 1091
724 725
724 727
724 735
724 787
724 893
724 1048
724 1145
724 1168
724 1170
725 728
725 730
725 739
725 756
725 876
725 950
726 806
726 851
726 878
726 948
726 966
726 1011
726 1162
726 1184
727 741
727 756
727 810
727 948
728 739
728 795
728 867
728 1102
728 1130
729 732
729 966
729 1162
730 926
730 969
730 1036
730 1051
731 732
731 739
731 878
731 1114
732 735
732 822
732 907
732 1045
732 1088
732 1117
733 737
733 933
733 972
734 740
734 841
734 847
734 905
734 969
734 1077
735 737
735 802
735 835
735 883
735 951
735 996
735 1016
735 1052
735 1166
736 787
736 1036
736 1087
736 1157
736 1174
737 798
737 846
737 959
737 989
737 1031
737 1053
737 1136
737 1138
737 1172
738 894
738 909
738 1063
738 1064
739 761
739 853
739 1088
739 1152
740 1014
740 1057
740 1082
740 1088
741 748
741 754
741 757
741 986
741 1034
741 1133
741 1153
742 744
742 754
742 829
742 863
742 896
742 972
742 1118
743 746
743 1070
743 1187
744 745
744 754
744 760
744 1023
744 1050
744 1079
744 1138
744 1167
744 1190
745 749
745 750
745 754
745 759
745 779
745 867
746 839
746 861
746 863
746 1078
746 1094
746 1127
747 756
747 760
747 840
747 880
747 888
747 919
747 928
747 1019
747 1029
748 749
748 814
748 895
748 913
748 1066
748 1152
748 1164
749 755
749 776
749 846
749 987
749 1061
750 751
750 899
750 942
750 1121
750 1123
751 754
751 758
751 1004
751 1028
751 1039
751 1063
751 1070
751 1071
751 1126
751 1181
752 756
752 779
752 886
752 985
752 1054
752 1063
752 1140
753 757
753 792
753 799
753 882
753 905
753 938
753 1091
753 1136
753 1165
754 899
754 1016
754 1032
754 1185
754 1199
755 914
756 764
756 826
756 996
756 1170
757 874
757 886
758 830
758 845
758 931
758 974
758 1038
758 1071
758 1104
758 1107
758 1186
759 826
759 837
759 1140
760 820
760 929
760 936
760 1091
760 1166
760 1195
769 770
769 771
769 878
769 885
769 888
769 983
770 774
770 810
770 825
770 827
770 910
770 953
770 959
770 1103
771 764
771 783
771 796
771 797
771 824
771 896
771 954
771 1044
771 1186
772 764
772 765
772 768
772 782
772 809
772 990
772 1012
772 1019
773 920
773 982
773 1007
773 1065
774 893
774 978
774 981
774 1067
774 1174
775 766
775 821
775 1030
775 1047
775 1154
776 761
776 764
776 888
776 938
776 999
776 1034
776 1127
776 1184
777 778
777 761
777 1092
778 797
778 1162
778 1190
779 766
779 782
779 882
779 1110
779 1123
779 1149
780 763
780 790
780 1138
780 1179
761 763
761 900
761 916
761 1009
761 1091
761 1186
762 940
762 950
762 980
762 1069
763 803
763 804
763 844
763 1192
764 845
764 882
764 915
764 942
764 951
765 794
765 797
765 894
765 1142
766 768
766 921
766 1048
766 1051
767 812
767 1060
768 865
768 914
768 1005
768 1153
781 784
781 786
781 788
781 792
781 950
781 1060
781 1077
781 1138
781 1143
782 786
782 787
782 788
782 793
782 1045
782 1113
782 1116
782 1142
783 785
783 930
783 1033
784 791
784 987
784 1041
784 1136
784 1189
785 786
785 788
785 937
785 1117
786 787
786 795
786 800
786 856
786 919
786 937
786 1011
786 1125
787 797
787 1193
788 816
788 921
788 1119
788 1153
788 1159
788 1185
789 847
789 859
789 1098
789 1100
790 793
790 799
790 862
790 877
790 960
790 1099
790 1124
790 1149
791 798
791 807
791 849
791 873
791 1121
791 1183
792 799
792 806
792 1167
793 1112
793 1188
794 795
794 989
794 1088
794 1145
794 1172
795 811
795 947
795 950
795 987
795 1000
795 1036
795 1037
795 1156
795 1196
796 867
796 1136
796 1146
797 839
797 863
797 1054
797 1083
797 1111
797 1118
797 1155
798 800
798 887
798 947
799 950
799 981
799 1069
799 1109
800 832
800 837
800 1124
801 807
801 816
801 846
801 932
801 1001
801 1101
801 1188
802 825
802 867
802 998
802 1070
802 1072
803 806
803 807
803 818
803 875
803 988
803 1017
803 1098
803 1136
804 805
804 823
804 868
804 892
804 959
805 811
805 969
805 1023
805 1041
805 1146
805 1190
806 816
806 883
806 889
807 809
807 813
807 934
807 988
807 1070
808 948
808 999
808 1153
809 942
809 990
809 1019
809 1104
810 1172
811 819
811 931
811 1003
811 1025
811 1065
811 1081
812 818
812 912
812 936
812 938
812 1055
812 1130
812 1145
813 816
813 908
813 941
813 948
813 974
813 1099
813 1133
813 1138
813 1190
814 819
814 1140
815 817
815 932
815 935
815 949
815 1052
816 824
816 942
816 957
816 983
816 1149
817 943
817 1003
817 1158
817 1189
817 1200
818 873
818 1089
818 1160
819 924
819 952
819 963
820 1117
820 1153
821 845
821 871
821 1171
822 827
822 893
822 1009
822 1105
822 1125
822 1140
823 825
823 843
823 1134
823 1196
823 1199
824 835
824 839
824 842
824 953
824 975
824 1008
824 1068
824 1085
825 827
825 835
825 959
825 1020
825 1081
825 1142
826 832
826 834
826 1008
826 1018
826 1179
826 1193
827 831
827 1087
827 1129
827 1197
828 831
828 1000
828 1071
828 1076
829 933
829 991
829 1048
829 1050
829 1155
829 1176
830 843
830 858
830 927
830 947
830 978
830 1065
830 1129
830 1183
831 837
831 1158
832 834
832 889
832 913
832 1030
832 1087
832 1105
833 988
833 1057
834 855
834 1053
834 1195
835 1113
835 1153
836 893
836 925
836 1002
836 1016
836 1066
836 1104
837 887
837 1032
837 1050
837 1119
838 889
838 947
838 1181
839 996
840 863
840 923
840 928
840 1058
840 1133
841 859
841 863
841 1084
842 854
842 860
842 881
842 974
842 987
842 1181
843 845
843 848
843 854
843 898
843 1072
843 1189
844 845
844 850
844 851
844 922
844 1079
844 1094
844 1102
844 1166
845 865
845 888
845 920
845 948
845 1010
845 1026
845 1111
846 847
846 848
846 899
846 888
846 964
846 1025
848 851
848 854
848 858
848 974
848 1089
849 857
849 1029
850 851
850 1056
850 1123
851 923
851 965
851 1023
851 1141
852 855
852 971
852 988
852 1142
853 894
853 1005
854 916
854 940
854 966
854 995
855 860
855 972
856 858
856 859
856 993
856 1056
856 1181
857 1054
857 1154
858 860
858 1016
858 1132
860 890
860 976
860 990
860 1090
860 1146
861 867
861 935
861 997
861 1100
861 1114
861 1163
862 871
862 903
862 934
862 947
862 1002
863 876
863 907
863 962
863 1000
863 1034
863 1154
864 894
864 909
864 1020
864 1027
864 1035
864 1082
865 867
865 877
865 965
866 870
866 877
866 969
866 983
866 1127
867 885
867 996
867 1086
868 873
868 875
868 907
868 1075
868 1181
869 870
869 899
869 1157
869 1162
869 1185
870 877
870 934
870 950
870 1131
870 1164
870 1173
871 917
871 1125
872 880
872 917
872 988
872 1027
872 1066
872 1091
872 1127
872 1151
873 927
873 1018
873 1051
873 1144
873 1196
874 877
874 878
874 953
874 958
874 973
874 1031
874 1097
874 1141
875 877
875 994
875 1007
875 1038
875 1117
875 1151
875 1173
875 1179
876 926
876 943
876 995
877 878
877 912
877 976
877 977
877 1065
878 879
878 916
878 1136
879 880
879 975
879 981
879 1061
879 1127
879 1146
880 961
880 989
880 1063
880 1199
897 886
897 919
897 1009
898 927
898 984
898 1018
898 1029
898 1036
898 1074
898 1118
899 885
899 887
899 1017
899 1165
900 885
881 974
881 988
881 994
881 1062
881 1143
882 885
882 888
882 889
882 943
882 950
882 1013
882 1026
882 1036
882 1024
882 1139
883 890
883 979
883 983
883 986
883 999
884 887
884 893
884 894
884 948
884 968
884 1069
884 1081
884 1125
884 1185
885 887
885 889
885 892
885 893
885 996
885 1097
885 1179
886 1114
887 889
887 894
887 997
887 1177
887 1180
888 893
888 1020
888 1038
888 1043
888 1158
890 893
890 988
890 1080
890 1143
891 892
891 896
891 977
891 1036
891 1063
892 894
892 1004
892 1047
893 896
893 980
893 1020
894 1076
894 1120
895 986
895 1059
896 1114
901 906
901 910
901 917
901 1099
901 1102
901 1118
901 1146
902 903
902 904
902 916
902 1070
902 1115
903 908
903 919
903 954
904 905
904 906
904 912
904 913
905 913
905 914
905 1169
906 910
906 916
907 908
907 909
907 1119
907 1169
907 1175
907 1180
908 915
908 1029
908 1118
908 1123
909 913
909 915
909 1038
909 1055
910 919
910 926
910 1046
910 1103
910 1124
911 918
911 948
911 1097
912 914
912 938
912 1024
912 1091
913 918
913 938
913 1028
913 1032
913 1108
914 918
914 954
914 977
914 1035
914 1161
915 943
915 986
915 1063
915 1073
915 1125
916 977
916 1024
916 1089
916 1198
917 1000
917 1071
917 1164
918 927
918 1187
919 954
919 983
919 1071
919 1120
920 1101
920 1128
920 1151
920 1199
921 926
921 932
921 972
921 1030
921 1147
921 1179
921 1193
922 932
922 935
922 938
922 1035
923 924
923 985
923 1015
923 1022
923 1060
923 1072
923 1127
924 936
924 938
924 1002
924 1057
925 1054
926 939
926 960
926 966
926 1020
926 1105
926 1166
927 986
927 1044
927 1117
928 940
928 996
928 1054
928 1164
929 930
929 936
929 1162
930 933
930 1023
931 935
931 1172
932 943
932 1096
932 1164
932 1175
933 934
933 936
933 937
933 940
933 947
933 952
933 965
933 1045
933 1057
934 940
934 1009
934 1015
934 1017
934 1030
934 1045
934 1080
935 1008
936 938
936 997
936 1043
936 1108
936 1163
936 1168
937 975
937 976
937 1109
938 1130
939 1050
939 1117
939 1132
940 1169
941 943
941 950
941 952
941 1117
942 945
942 958
942 1144
943 952
943 1048
943 1134
943 1149
943 1191
944 946
944 1016
944 1033
944 1133
944 1179
945 947
945 957
945 1053
945 1074
945 1133
945 1179
946 953
946 1039
946 1121
947 960
947 1073
947 1152
947 1164
948 954
948 959
948 1031
948 1081
948 1096
949 960
949 1086
949 1138
949 1176
949 1187
949 1193
950 992
950 1005
950 1076
950 1088
950 1090
950 1175
951 952
951 958
951 959
951 1056
951 1194
952 954
952 968
952 1101
952 1123
952 1179
953 1115
954 960
954 1009
954 1062
954 1076
954 1128
954 1157
955 959
955 960
957 959
957 960
957 1137
957 1160
958 959
958 978
958 1093
958 1121
959 960
959 1061
960 1147
961 965
961 968
961 980
961 1058
961 1123
962 968
962 1084
962 1161
962 1191
963 979
964 968
964 971
964 975
964 1058
964 1060
965 975
965 977
965 1031
965 1175
966 1024
966 1094
966 1199
968 973
968 977
968 978
968 1015
968 1029
968 1176
969 970
969 971
969 986
969 1155
970 978
970 1109
970 1111
970 1190
971 978
971 1049
971 1077
971 1154
972 990
972 1003
972 1020
972 1064
972 1065
973 1020
973 1106
973 1132
974 1135
975 1020
976 983
976 1137
976 1159
977 1052
978 1029
978 1155
978 1179
979 1159
980 1048
980 1052
980 1103
981 993
981 998
981 1076
981 1187
982 998
982 1185
983 995
983 1184
984 1025
985 987
985 995
985 1083
985 1174
986 1065
987 989
987 998
987 999
987 1050
987 1116
987 1118
988 997
988 1030
989 1120
989 1147
990 1061
990 1098
990 1182
990 1195
991 994
991 1053
991 1114
992 1019
992 1040
992 1050
992 1120
993 997
993 998
994 1153
995 1016
995 1037
996 1000
996 1014
996 1123
996 1126
999 1046
999 1138
1000 1001
1001 1003
1001 1197
1002 1145
1002 1168
1002 1186
1002 1200
1003 1004
1003 1018
1003 1020
1003 1067
1003 1113
1003 1128
1004 1007
1004 1014
1004 1026
1004 1118
1005 1107
1005 1141
1005 1161
1006 1012
1006 1018
1006 1091
1006 1110
1007 1151
1008 1018
1008 1081
1008 1105
1008 1107
1009 1014
1009 1086
1009 1106
1010 1076
1010 1198
1011 1114
1012 1033
1012 1024
1012 1125
1013 1019
1013 1078
1013 1118
1013 1138
1014 1085
1014 1135
1015 1017
1015 1065
1015 1084
1015 1123
1016 1026
1016 1036
1016 1080
1016 1112
1016 1121
1017 1020
1017 1112
1017 1146
1017 1179
1018 1024
1018 1184
1019 1153
1019 1141
1020 1061
1025 1026
1025 1060
1025 1093
1025 1123
1025 1152
1026 1037
1026 1082
1026 1108
1026 1145
1027 1033
1027 1038
1027 1103
1028 1024
1028 1042
1028 1044
1028 1056
1028 1062
1028 1063
1029 1034
1029 1151
1029 1182
1029 1194
1030 1031
1030 1021
1030 1024
1030 1061
1030 1169
1030 1194
1031 1023
1031 1065
1031 1089
1032 1039
1032 1042
1032 1105
1032 1147
1032 1151
1032 1163
1033 1022
1034 1040
1034 1064
1034 1080
1034 1168
1034 1193
1035 1039
1035 1042
1036 1040
1036 1150
1037 1023
1037 1089
1037 1139
1038 1065
1038 1123
1038 1146
1039 1022
1039 1142
1040 1122
1040 1159
1022 1024
1022 1064
1023 1131
1024 1073
1041 1060
1041 1077
1042 1103
1042 1158
1042 1176
1043 1053
1043 1089
1043 1162
1043 1179
1043 1192
1044 1056
1044 1095
1044 1127
1044 1134
1044 1150
1045 1051
1046 1059
1046 1155
1047 1058
1047 1079
1047 1180
1048 1049
1048 1050
1048 1054
1048 1084
1048 1086
1048 1113
1049 1127
1050 1053
1050 1106
1051 1052
1051 1136
1052 1059
1054 1083
1054 1093
1054 1184
1055 1074
1055 1089
1055 1169
1056 1164
1058 1078
1058 1170
1059 1115
1060 1115
1061 1070
1061 1075
1062 1065
1062 1083
1062 1116
1062 1146
1062 1170
1063 1072
1063 1094
1063 1187
1064 1072
1064 1074
1064 1139
1064 1184
1066 1073
1066 1106
1067 1077
1067 1160
1067 1179
1067 1186
1068 1132
1068 1199
1069 1071
1069 1098
1069 1148
1071 1076
1071 1098
1071 1136
1072 1078
1072 1079
1072 1108
1072 1155
1073 1079
1073 1140
1073 1147
1074 1077
1074 1128
1074 1173
1075 1077
1075 1088
1075 1149
1075 1181
1076 1079
1077 1078
1077 1180
1078 1153
1078 1189
1079 1080
1080 1127
1080 1129
1080 1138
1080 1175
1081 1083
1081 1098
1081 1099
1082 1088
1083 1085
1083 1116
1083 1160
1085 1095
1086 1087
1086 1098
1086 1120
1086 1171
1087 1123
1087 1157
1087 1199
1089 1091
1090 1098
1091 1193
1092 1099
1093 1121
1095 1096
1095 1116
1095 1126
1096 1097
1097 1113
1098 1191
1099 1103
1099 1145
1099 1185
1100 1134
1101 1114
1101 1186
1102 1104
1102 1105
1102 1113
1102 1117
1103 1107
1103 1156
1103 1167
1105 1106
1106 1109
1106 1119
1107 1108
1107 1180
1108 1113
1108 1115
1108 1126
1108 1141
1108 1184
1108 1190
1109 1111
1109 1115
1109 1117
1109 1129
1109 1140
1109 1197
1110 1118
1110 1186
1111 1115
1111 1120
1111 1146
1112 1180
1112 1181
1114 1115
1114 1119
1115 1117
1115 1155
1116 1120
1117 1119
1117 1171
1118 1144
1119 1180
1120 1127
1121 1134
1121 1139
1122 1123
1123 1129
1123 1134
1123 1138
1123 1139
1124 1136
1125 1127
1125 1129
1125 1132
1125 1137
1126 1134
1126 1175
1127 1129
1128 1130
1128 1138
1129 1131
1130 1133
1131 1136
1131 1154
1132 1136
1132 1197
1133 1137
1133 1139
1134 1182
1135 1163
1153 1143
1153 1152
1154 1142
1155 1141
1156 1144
1157 1145
1157 1194
1158 1141
1159 1146
1159 1163
1160 1141
1160 1147
1160 1151
1141 1148
1141 1193
1142 1145
1143 1147
1143 1148
1143 1182
1144 1146
1145 1146
1148 1151
1149 1150
1162 1163
1162 1175
1162 1177
1162 1180
1163 1168
1163 1181
1164 1175
1166 1170
1167 1170
1167 1172
1167 1177
1170 1173
1170 1176
1170 1179
1172 1176
1173 1177
1173 1180
1177 1178
1177 1180
1177 1185
1177 1193
1181 1183
1181 1188
1181 1197
1182 1189
1182 1198
1183 1191
1184 1186
1184 1189
1184 1191
1184 1192
1184 1196
1185 1197
1185 1198
1185 1200
1186 1188
1186 1189
1187 1195
1188 1194
1190 1193
1190 1195
1191 1197
1192 1196
1194 1195
1195 1196
1195 1199
