1 1
2 1
3 1
4 1
5 1
6 1
7 1
8 1
9 1
10 1
11 1
12 1
13 1
14 1
15 1
16 1
17 1
18 1
19 1
20 1
21 1
22 1
23 1
24 1
25 1
26 1
27 1
28 1
29 1
30 1
31 1
32 1
33 1
34 1
35 1
36 1
37 1
38 1
39 1
40 1
41 1
42 1
43 1
44 1
45 1
46 1
47 1
48 1
49 1
50 1
51 2
52 2
53 2
54 2
55 2
56 2
57 2
58 2
59 2
60 2
61 2
62 2
63 2
64 2
65 2
66 2
67 2
68 2
69 2
70 2
71 2
72 2
73 2
74 2
75 2
76 2
77 2
78 2
79 2
80 2
81 2
82 2
83 2
84 2
85 2
86 2
87 2
88 2
89 2
90 2
91 2
92 2
93 2
94 2
95 2
96 2
97 2
98 2
99 2
100 2
129 3
130 3
131 3
132 3
133 3
134 3
135 3
136 3
137 3
138 3
139 3
140 3
141 3
142 3
143 3
144 3
145 3
146 3
147 3
148 3
149 3
150 3
101 3
102 3
103 3
104 3
105 3
106 3
107 3
108 3
109 3
110 3
111 3
112 3
113 3
114 3
115 3
116 3
117 3
118 3
119 3
120 3
121 3
122 3
123 3
124 3
125 3
126 3
127 3
128 3
151 4
152 4
153 4
154 4
155 4
156 4
157 4
158 4
159 4
160 4
161 4
162 4
163 4
164 4
165 4
166 4
167 4
168 4
169 4
170 4
171 4
172 4
173 4
174 4
175 4
176 4
177 4
178 4
179 4
180 4
181 4
182 4
183 4
184 4
185 4
186 4
187 4
188 4
189 4
190 4
191 4
192 4
193 4
194 4
195 4
196 4
197 4
198 4
199 4
200 4
201 5
202 5
203 5
204 5
205 5
206 5
207 5
208 5
209 5
210 5
211 5
212 5
213 5
214 5
215 5
216 5
217 5
218 5
219 5
220 5
221 5
222 5
223 5
224 5
225 5
226 5
227 5
228 5
229 5
230 5
231 5
232 5
233 5
234 5
235 5
236 5
237 5
238 5
239 5
240 5
241 5
242 5
243 5
244 5
245 5
246 5
247 5
248 5
249 5
250 5
257 6
258 6
259 6
260 6
261 6
262 6
263 6
264 6
265 6
266 6
267 6
268 6
269 6
270 6
271 6
272 6
273 6
274 6
275 6
276 6
277 6
278 6
279 6
280 6
281 6
282 6
283 6
284 6
285 6
286 6
287 6
288 6
289 6
290 6
291 6
292 6
293 6
294 6
295 6
296 6
297 6
298 6
299 6
300 6
251 6
252 6
253 6
254 6
255 6
256 6
301 7
302 7
303 7
304 7
305 7
306 7
307 7
308 7
309 7
310 7
311 7
312 7
313 7
314 7
315 7
316 7
317 7
318 7
319 7
320 7
321 7
322 7
323 7
324 7
325 7
326 7
327 7
328 7
329 7
330 7
331 7
332 7
333 7
334 7
335 7
336 7
337 7
338 7
339 7
340 7
341 7
342 7
343 7
344 7
345 7
346 7
347 7
348 7
349 7
350 7
385 8
386 8
387 8
388 8
389 8
390 8
391 8
392 8
393 8
394 8
395 8
396 8
397 8
398 8
399 8
400 8
351 8
352 8
353 8
354 8
355 8
356 8
357 8
358 8
359 8
360 8
361 8
362 8
363 8
364 8
365 8
366 8
367 8
368 8
369 8
370 8
371 8
372 8
373 8
374 8
375 8
376 8
377 8
378 8
379 8
380 8
381 8
382 8
383 8
384 8
401 9
402 9
403 9
404 9
405 9
406 9
407 9
408 9
409 9
410 9
411 9
412 9
413 9
414 9
415 9
416 9
417 9
418 9
419 9
420 9
421 9
422 9
423 9
424 9
425 9
426 9
427 9
428 9
429 9
430 9
431 9
432 9
433 9
434 9
435 9
436 9
437 9
438 9
439 9
440 9
441 9
442 9
443 9
444 9
445 9
446 9
447 9
448 9
449 9
450 9
451 10
452 10
453 10
454 10
455 10
456 10
457 10
458 10
459 10
460 10
461 10
462 10
463 10
464 10
465 10
466 10
467 10
468 10
469 10
470 10
471 10
472 10
473 10
474 10
475 10
476 10
477 10
478 10
479 10
480 10
481 10
482 10
483 10
484 10
485 10
486 10
487 10
488 10
489 10
490 10
491 10
492 10
493 10
494 10
495 10
496 10
497 10
498 10
499 10
500 10
513 11
514 11
515 11
516 11
517 11
518 11
519 11
520 11
521 11
522 11
523 11
524 11
525 11
526 11
527 11
528 11
529 11
530 11
531 11
532 11
533 11
534 11
535 11
536 11
537 11
538 11
539 11
540 11
541 11
542 11
543 11
544 11
545 11
546 11
547 11
548 11
549 11
550 11
501 11
502 11
503 11
504 11
505 11
506 11
507 11
508 11
509 11
510 11
511 11
512 11
551 12
552 12
553 12
554 12
555 12
556 12
557 12
558 12
559 12
560 12
561 12
562 12
563 12
564 12
565 12
566 12
567 12
568 12
569 12
570 12
571 12
572 12
573 12
574 12
575 12
576 12
577 12
578 12
579 12
580 12
581 12
582 12
583 12
584 12
585 12
586 12
587 12
588 12
589 12
590 12
591 12
592 12
593 12
594 12
595 12
596 12
597 12
598 12
599 12
600 12
641 13
642 13
643 13
644 13
645 13
646 13
647 13
648 13
649 13
650 13
601 13
602 13
603 13
604 13
605 13
606 13
607 13
608 13
609 13
610 13
611 13
612 13
613 13
614 13
615 13
616 13
617 13
618 13
619 13
620 13
621 13
622 13
623 13
624 13
625 13
626 13
627 13
628 13
629 13
630 13
631 13
632 13
633 13
634 13
635 13
636 13
637 13
638 13
639 13
640 13
651 14
652 14
653 14
654 14
655 14
656 14
657 14
658 14
659 14
660 14
661 14
662 14
663 14
664 14
665 14
666 14
667 14
668 14
669 14
670 14
671 14
672 14
673 14
674 14
675 14
676 14
677 14
678 14
679 14
680 14
681 14
682 14
683 14
684 14
685 14
686 14
687 14
688 14
689 14
690 14
691 14
692 14
693 14
694 14
695 14
696 14
697 14
698 14
699 14
700 14
701 15
702 15
703 15
704 15
705 15
706 15
707 15
708 15
709 15
710 15
711 15
712 15
713 15
714 15
715 15
716 15
717 15
718 15
719 15
720 15
721 15
722 15
723 15
724 15
725 15
726 15
727 15
728 15
729 15
730 15
731 15
732 15
733 15
734 15
735 15
736 15
737 15
738 15
739 15
740 15
741 15
742 15
743 15
744 15
745 15
746 15
747 15
748 15
749 15
750 15
769 16
770 16
771 16
772 16
773 16
774 16
775 16
776 16
777 16
778 16
779 16
780 16
781 16
782 16
783 16
784 16
785 16
786 16
787 16
788 16
789 16
790 16
791 16
792 16
793 16
794 16
795 16
796 16
797 16
798 16
799 16
800 16
751 16
752 16
753 16
754 16
755 16
756 16
757 16
758 16
759 16
760 16
761 16
762 16
763 16
764 16
765 16
766 16
767 16
768 16
801 17
802 17
803 17
804 17
805 17
806 17
807 17
808 17
809 17
810 17
811 17
812 17
813 17
814 17
815 17
816 17
817 17
818 17
819 17
820 17
821 17
822 17
823 17
824 17
825 17
826 17
827 17
828 17
829 17
830 17
831 17
832 17
833 17
834 17
835 17
836 17
837 17
838 17
839 17
840 17
841 17
842 17
843 17
844 17
845 17
846 17
847 17
848 17
849 17
850 17
897 18
898 18
899 18
900 18
851 18
852 18
853 18
854 18
855 18
856 18
857 18
858 18
859 18
860 18
861 18
862 18
863 18
864 18
865 18
866 18
867 18
868 18
869 18
870 18
871 18
872 18
873 18
874 18
875 18
876 18
877 18
878 18
879 18
880 18
881 18
882 18
883 18
884 18
885 18
886 18
887 18
888 18
889 18
890 18
891 18
892 18
893 18
894 18
895 18
896 18
901 19
902 19
903 19
904 19
905 19
906 19
907 19
908 19
909 19
910 19
911 19
912 19
913 19
914 19
915 19
916 19
917 19
918 19
919 19
920 19
921 19
922 19
923 19
924 19
925 19
926 19
927 19
928 19
929 19
930 19
931 19
932 19
933 19
934 19
935 19
936 19
937 19
938 19
939 19
940 19
941 19
942 19
943 19
944 19
945 19
946 19
947 19
948 19
949 19
950 19
951 20
952 20
953 20
954 20
955 20
956 20
957 20
958 20
959 20
960 20
961 20
962 20
963 20
964 20
965 20
966 20
967 20
968 20
969 20
970 20
971 20
972 20
973 20
974 20
975 20
976 20
977 20
978 20
979 20
980 20
981 20
982 20
983 20
984 20
985 20
986 20
987 20
988 20
989 20
990 20
991 20
992 20
993 20
994 20
995 20
996 20
997 20
998 20
999 20
1000 20
1025 21
1026 21
1027 21
1028 21
1029 21
1030 21
1031 21
1032 21
1033 21
1034 21
1035 21
1036 21
1037 21
1038 21
1039 21
1040 21
1041 21
1042 21
1043 21
1044 21
1045 21
1046 21
1047 21
1048 21
1049 21
1050 21
1001 21
1002 21
1003 21
1004 21
1005 21
1006 21
1007 21
1008 21
1009 21
1010 21
1011 21
1012 21
1013 21
1014 21
1015 21
1016 21
1017 21
1018 21
1019 21
1020 21
1021 21
1022 21
1023 21
1024 21
1051 22
1052 22
1053 22
1054 22
1055 22
1056 22
1057 22
1058 22
1059 22
1060 22
1061 22
1062 22
1063 22
1064 22
1065 22
1066 22
1067 22
1068 22
1069 22
1070 22
1071 22
1072 22
1073 22
1074 22
1075 22
1076 22
1077 22
1078 22
1079 22
1080 22
1081 22
1082 22
1083 22
1084 22
1085 22
1086 22
1087 22
1088 22
1089 22
1090 22
1091 22
1092 22
1093 22
1094 22
1095 22
1096 22
1097 22
1098 22
1099 22
1100 22
1101 23
1102 23
1103 23
1104 23
1105 23
1106 23
1107 23
1108 23
1109 23
1110 23
1111 23
1112 23
1113 23
1114 23
1115 23
1116 23
1117 23
1118 23
1119 23
1120 23
1121 23
1122 23
1123 23
1124 23
1125 23
1126 23
1127 23
1128 23
1129 23
1130 23
1131 23
1132 23
1133 23
1134 23
1135 23
1136 23
1137 23
1138 23
1139 23
1140 23
1141 23
1142 23
1143 23
1144 23
1145 23
1146 23
1147 23
1148 23
1149 23
1150 23
1153 24
1154 24
1155 24
1156 24
1157 24
1158 24
1159 24
1160 24
1161 24
1162 24
1163 24
1164 24
1165 24
1166 24
1167 24
1168 24
1169 24
1170 24
1171 24
1172 24
1173 24
1174 24
1175 24
1176 24
1177 24
1178 24
1179 24
1180 24
1181 24
1182 24
1183 24
1184 24
1185 24
1186 24
1187 24
1188 24
1189 24
1190 24
1191 24
1192 24
1193 24
1194 24
1195 24
1196 24
1197 24
1198 24
1199 24
1200 24
1151 24
1152 24
1201 25
1202 25
1203 25
1204 25
1205 25
1206 25
1207 25
1208 25
1209 25
1210 25
1211 25
1212 25
1213 25
1214 25
1215 25
1216 25
1217 25
1218 25
1219 25
1220 25
1221 25
1222 25
1223 25
1224 25
1225 25
1226 25
1227 25
1228 25
1229 25
1230 25
1231 25
1232 25
1233 25
1234 25
1235 25
1236 25
1237 25
1238 25
1239 25
1240 25
1241 25
1242 25
1243 25
1244 25
1245 25
1246 25
1247 25
1248 25
1249 25
1250 25
1281 26
1282 26
1283 26
1284 26
1285 26
1286 26
1287 26
1288 26
1289 26
1290 26
1291 26
1292 26
1293 26
1294 26
1295 26
1296 26
1297 26
1298 26
1299 26
1300 26
1251 26
1252 26
1253 26
1254 26
1255 26
1256 26
1257 26
1258 26
1259 26
1260 26
1261 26
1262 26
1263 26
1264 26
1265 26
1266 26
1267 26
1268 26
1269 26
1270 26
1271 26
1272 26
1273 26
1274 26
1275 26
1276 26
1277 26
1278 26
1279 26
1280 26
1301 27
1302 27
1303 27
1304 27
1305 27
1306 27
1307 27
1308 27
1309 27
1310 27
1311 27
1312 27
1313 27
1314 27
1315 27
1316 27
1317 27
1318 27
1319 27
1320 27
1321 27
1322 27
1323 27
1324 27
1325 27
1326 27
1327 27
1328 27
1329 27
1330 27
1331 27
1332 27
1333 27
1334 27
1335 27
1336 27
1337 27
1338 27
1339 27
1340 27
1341 27
1342 27
1343 27
1344 27
1345 27
1346 27
1347 27
1348 27
1349 27
1350 27
1351 28
1352 28
1353 28
1354 28
1355 28
1356 28
1357 28
1358 28
1359 28
1360 28
1361 28
1362 28
1363 28
1364 28
1365 28
1366 28
1367 28
1368 28
1369 28
1370 28
1371 28
1372 28
1373 28
1374 28
1375 28
1376 28
1377 28
1378 28
1379 28
1380 28
1381 28
1382 28
1383 28
1384 28
1385 28
1386 28
1387 28
1388 28
1389 28
1390 28
1391 28
1392 28
1393 28
1394 28
1395 28
1396 28
1397 28
1398 28
1399 28
1400 28
1409 29
1410 29
1411 29
1412 29
1413 29
1414 29
1415 29
1416 29
1417 29
1418 29
1419 29
1420 29
1421 29
1422 29
1423 29
1424 29
1425 29
1426 29
1427 29
1428 29
1429 29
1430 29
1431 29
1432 29
1433 29
1434 29
1435 29
1436 29
1437 29
1438 29
1439 29
1440 29
1441 29
1442 29
1443 29
1444 29
1445 29
1446 29
1447 29
1448 29
1449 29
1450 29
1401 29
1402 29
1403 29
1404 29
1405 29
1406 29
1407 29
1408 29
1451 30
1452 30
1453 30
1454 30
1455 30
1456 30
1457 30
1458 30
1459 30
1460 30
1461 30
1462 30
1463 30
1464 30
1465 30
1466 30
1467 30
1468 30
1469 30
1470 30
1471 30
1472 30
1473 30
1474 30
1475 30
1476 30
1477 30
1478 30
1479 30
1480 30
1481 30
1482 30
1483 30
1484 30
1485 30
1486 30
1487 30
1488 30
1489 30
1490 30
1491 30
1492 30
1493 30
1494 30
1495 30
1496 30
1497 30
1498 30
1499 30
1500 30
1537 31
1538 31
1539 31
1540 31
1541 31
1542 31
1543 31
1544 31
1545 31
1546 31
1547 31
1548 31
1549 31
1550 31
1501 31
1502 31
1503 31
1504 31
1505 31
1506 31
1507 31
1508 31
1509 31
1510 31
1511 31
1512 31
1513 31
1514 31
1515 31
1516 31
1517 31
1518 31
1519 31
1520 31
1521 31
1522 31
1523 31
1524 31
1525 31
1526 31
1527 31
1528 31
1529 31
1530 31
1531 31
1532 31
1533 31
1534 31
1535 31
1536 31
1551 32
1552 32
1553 32
1554 32
1555 32
1556 32
1557 32
1558 32
1559 32
1560 32
1561 32
1562 32
1563 32
1564 32
1565 32
1566 32
1567 32
1568 32
1569 32
1570 32
1571 32
1572 32
1573 32
1574 32
1575 32
1576 32
1577 32
1578 32
1579 32
1580 32
1581 32
1582 32
1583 32
1584 32
1585 32
1586 32
1587 32
1588 32
1589 32
1590 32
1591 32
1592 32
1593 32
1594 32
1595 32
1596 32
1597 32
1598 32
1599 32
1600 32
1601 33
1602 33
1603 33
1604 33
1605 33
1606 33
1607 33
1608 33
1609 33
1610 33
1611 33
1612 33
1613 33
1614 33
1615 33
1616 33
1617 33
1618 33
1619 33
1620 33
1621 33
1622 33
1623 33
1624 33
1625 33
1626 33
1627 33
1628 33
1629 33
1630 33
1631 33
1632 33
1633 33
1634 33
1635 33
1636 33
1637 33
1638 33
1639 33
1640 33
1641 33
1642 33
1643 33
1644 33
1645 33
1646 33
1647 33
1648 33
1649 33
1650 33
1665 34
1666 34
1667 34
1668 34
1669 34
1670 34
1671 34
1672 34
1673 34
1674 34
1675 34
1676 34
1677 34
1678 34
1679 34
1680 34
1681 34
1682 34
1683 34
1684 34
1685 34
1686 34
1687 34
1688 34
1689 34
1690 34
1691 34
1692 34
1693 34
1694 34
1695 34
1696 34
1697 34
1698 34
1699 34
1700 34
1651 34
1652 34
1653 34
1654 34
1655 34
1656 34
1657 34
1658 34
1659 34
1660 34
1661 34
1662 34
1663 34
1664 34
1701 35
1702 35
1703 35
1704 35
1705 35
1706 35
1707 35
1708 35
1709 35
1710 35
1711 35
1712 35
1713 35
1714 35
1715 35
1716 35
1717 35
1718 35
1719 35
1720 35
1721 35
1722 35
1723 35
1724 35
1725 35
1726 35
1727 35
1728 35
1729 35
1730 35
1731 35
1732 35
1733 35
1734 35
1735 35
1736 35
1737 35
1738 35
1739 35
1740 35
1741 35
1742 35
1743 35
1744 35
1745 35
1746 35
1747 35
1748 35
1749 35
1750 35
1793 36
1794 36
1795 36
1796 36
1797 36
1798 36
1799 36
1800 36
1751 36
1752 36
1753 36
1754 36
1755 36
1756 36
1757 36
1758 36
1759 36
1760 36
1761 36
1762 36
1763 36
1764 36
1765 36
1766 36
1767 36
1768 36
1769 36
1770 36
1771 36
1772 36
1773 36
1774 36
1775 36
1776 36
1777 36
1778 36
1779 36
1780 36
1781 36
1782 36
1783 36
1784 36
1785 36
1786 36
1787 36
1788 36
1789 36
1790 36
1791 36
1792 36
1801 37
1802 37
1803 37
1804 37
1805 37
1806 37
1807 37
1808 37
1809 37
1810 37
1811 37
1812 37
1813 37
1814 37
1815 37
1816 37
1817 37
1818 37
1819 37
1820 37
1821 37
1822 37
1823 37
1824 37
1825 37
1826 37
1827 37
1828 37
1829 37
1830 37
1831 37
1832 37
1833 37
1834 37
1835 37
1836 37
1837 37
1838 37
1839 37
1840 37
1841 37
1842 37
1843 37
1844 37
1845 37
1846 37
1847 37
1848 37
1849 37
1850 37
1851 38
1852 38
1853 38
1854 38
1855 38
1856 38
1857 38
1858 38
1859 38
1860 38
1861 38
1862 38
1863 38
1864 38
1865 38
1866 38
1867 38
1868 38
1869 38
1870 38
1871 38
1872 38
1873 38
1874 38
1875 38
1876 38
1877 38
1878 38
1879 38
1880 38
1881 38
1882 38
1883 38
1884 38
1885 38
1886 38
1887 38
1888 38
1889 38
1890 38
1891 38
1892 38
1893 38
1894 38
1895 38
1896 38
1897 38
1898 38
1899 38
1900 38
1921 39
1922 39
1923 39
1924 39
1925 39
1926 39
1927 39
1928 39
1929 39
1930 39
1931 39
1932 39
1933 39
1934 39
1935 39
1936 39
1937 39
1938 39
1939 39
1940 39
1941 39
1942 39
1943 39
1944 39
1945 39
1946 39
1947 39
1948 39
1949 39
1950 39
1901 39
1902 39
1903 39
1904 39
1905 39
1906 39
1907 39
1908 39
1909 39
1910 39
1911 39
1912 39
1913 39
1914 39
1915 39
1916 39
1917 39
1918 39
1919 39
1920 39
1951 40
1952 40
1953 40
1954 40
1955 40
1956 40
1957 40
1958 40
1959 40
1960 40
1961 40
1962 40
1963 40
1964 40
1965 40
1966 40
1967 40
1968 40
1969 40
1970 40
1971 40
1972 40
1973 40
1974 40
1975 40
1976 40
1977 40
1978 40
1979 40
1980 40
1981 40
1982 40
1983 40
1984 40
1985 40
1986 40
1987 40
1988 40
1989 40
1990 40
1991 40
1992 40
1993 40
1994 40
1995 40
1996 40
1997 40
1998 40
1999 40
2000 40
2049 41
2050 41
2001 41
2002 41
2003 41
2004 41
2005 41
2006 41
2007 41
2008 41
2009 41
2010 41
2011 41
2012 41
2013 41
2014 41
2015 41
2016 41
2017 41
2018 41
2019 41
2020 41
2021 41
2022 41
2023 41
2024 41
2025 41
2026 41
2027 41
2028 41
2029 41
2030 41
2031 41
2032 41
2033 41
2034 41
2035 41
2036 41
2037 41
2038 41
2039 41
2040 41
2041 41
2042 41
2043 41
2044 41
2045 41
2046 41
2047 41
2048 41
2051 42
2052 42
2053 42
2054 42
2055 42
2056 42
2057 42
2058 42
2059 42
2060 42
2061 42
2062 42
2063 42
2064 42
2065 42
2066 42
2067 42
2068 42
2069 42
2070 42
2071 42
2072 42
2073 42
2074 42
2075 42
2076 42
2077 42
2078 42
2079 42
2080 42
2081 42
2082 42
2083 42
2084 42
2085 42
2086 42
2087 42
2088 42
2089 42
2090 42
2091 42
2092 42
2093 42
2094 42
2095 42
2096 42
2097 42
2098 42
2099 42
2100 42
2101 43
2102 43
2103 43
2104 43
2105 43
2106 43
2107 43
2108 43
2109 43
2110 43
2111 43
2112 43
2113 43
2114 43
2115 43
2116 43
2117 43
2118 43
2119 43
2120 43
2121 43
2122 43
2123 43
2124 43
2125 43
2126 43
2127 43
2128 43
2129 43
2130 43
2131 43
2132 43
2133 43
2134 43
2135 43
2136 43
2137 43
2138 43
2139 43
2140 43
2141 43
2142 43
2143 43
2144 43
2145 43
2146 43
2147 43
2148 43
2149 43
2150 43
2177 44
2178 44
2179 44
2180 44
2181 44
2182 44
2183 44
2184 44
2185 44
2186 44
2187 44
2188 44
2189 44
2190 44
2191 44
2192 44
2193 44
2194 44
2195 44
2196 44
2197 44
2198 44
2199 44
2200 44
2151 44
2152 44
2153 44
2154 44
2155 44
2156 44
2157 44
2158 44
2159 44
2160 44
2161 44
2162 44
2163 44
2164 44
2165 44
2166 44
2167 44
2168 44
2169 44
2170 44
2171 44
2172 44
2173 44
2174 44
2175 44
2176 44
2201 45
2202 45
2203 45
2204 45
2205 45
2206 45
2207 45
2208 45
2209 45
2210 45
2211 45
2212 45
2213 45
2214 45
2215 45
2216 45
2217 45
2218 45
2219 45
2220 45
2221 45
2222 45
2223 45
2224 45
2225 45
2226 45
2227 45
2228 45
2229 45
2230 45
2231 45
2232 45
2233 45
2234 45
2235 45
2236 45
2237 45
2238 45
2239 45
2240 45
2241 45
2242 45
2243 45
2244 45
2245 45
2246 45
2247 45
2248 45
2249 45
2250 45
2251 46
2252 46
2253 46
2254 46
2255 46
2256 46
2257 46
2258 46
2259 46
2260 46
2261 46
2262 46
2263 46
2264 46
2265 46
2266 46
2267 46
2268 46
2269 46
2270 46
2271 46
2272 46
2273 46
2274 46
2275 46
2276 46
2277 46
2278 46
2279 46
2280 46
2281 46
2282 46
2283 46
2284 46
2285 46
2286 46
2287 46
2288 46
2289 46
2290 46
2291 46
2292 46
2293 46
2294 46
2295 46
2296 46
2297 46
2298 46
2299 46
2300 46
2305 47
2306 47
2307 47
2308 47
2309 47
2310 47
2311 47
2312 47
2313 47
2314 47
2315 47
2316 47
2317 47
2318 47
2319 47
2320 47
2321 47
2322 47
2323 47
2324 47
2325 47
2326 47
2327 47
2328 47
2329 47
2330 47
2331 47
2332 47
2333 47
2334 47
2335 47
2336 47
2337 47
2338 47
2339 47
2340 47
2341 47
2342 47
2343 47
2344 47
2345 47
2346 47
2347 47
2348 47
2349 47
2350 47
2301 47
2302 47
2303 47
2304 47
2351 48
2352 48
2353 48
2354 48
2355 48
2356 48
2357 48
2358 48
2359 48
2360 48
2361 48
2362 48
2363 48
2364 48
2365 48
2366 48
2367 48
2368 48
2369 48
2370 48
2371 48
2372 48
2373 48
2374 48
2375 48
2376 48
2377 48
2378 48
2379 48
2380 48
2381 48
2382 48
2383 48
2384 48
2385 48
2386 48
2387 48
2388 48
2389 48
2390 48
2391 48
2392 48
2393 48
2394 48
2395 48
2396 48
2397 48
2398 48
2399 48
2400 48
2433 49
2434 49
2435 49
2436 49
2437 49
2438 49
2439 49
2440 49
2441 49
2442 49
2443 49
2444 49
2445 49
2446 49
2447 49
2448 49
2449 49
2450 49
2401 49
2402 49
2403 49
2404 49
2405 49
2406 49
2407 49
2408 49
2409 49
2410 49
2411 49
2412 49
2413 49
2414 49
2415 49
2416 49
2417 49
2418 49
2419 49
2420 49
2421 49
2422 49
2423 49
2424 49
2425 49
2426 49
2427 49
2428 49
2429 49
2430 49
2431 49
2432 49
2451 50
2452 50
2453 50
2454 50
2455 50
2456 50
2457 50
2458 50
2459 50
2460 50
2461 50
2462 50
2463 50
2464 50
2465 50
2466 50
2467 50
2468 50
2469 50
2470 50
2471 50
2472 50
2473 50
2474 50
2475 50
2476 50
2477 50
2478 50
2479 50
2480 50
2481 50
2482 50
2483 50
2484 50
2485 50
2486 50
2487 50
2488 50
2489 50
2490 50
2491 50
2492 50
2493 50
2494 50
2495 50
2496 50
2497 50
2498 50
2499 50
2500 50
2501 51
2502 51
2503 51
2504 51
2505 51
2506 51
2507 51
2508 51
2509 51
2510 51
2511 51
2512 51
2513 51
2514 51
2515 51
2516 51
2517 51
2518 51
2519 51
2520 51
2521 51
2522 51
2523 51
2524 51
2525 51
2526 51
2527 51
2528 51
2529 51
2530 51
2531 51
2532 51
2533 51
2534 51
2535 51
2536 51
2537 51
2538 51
2539 51
2540 51
2541 51
2542 51
2543 51
2544 51
2545 51
2546 51
2547 51
2548 51
2549 51
2550 51
2561 52
2562 52
2563 52
2564 52
2565 52
2566 52
2567 52
2568 52
2569 52
2570 52
2571 52
2572 52
2573 52
2574 52
2575 52
2576 52
2577 52
2578 52
2579 52
2580 52
2581 52
2582 52
2583 52
2584 52
2585 52
2586 52
2587 52
2588 52
2589 52
2590 52
2591 52
2592 52
2593 52
2594 52
2595 52
2596 52
2597 52
2598 52
2599 52
2600 52
2551 52
2552 52
2553 52
2554 52
2555 52
2556 52
2557 52
2558 52
2559 52
2560 52
2601 53
2602 53
2603 53
2604 53
2605 53
2606 53
2607 53
2608 53
2609 53
2610 53
2611 53
2612 53
2613 53
2614 53
2615 53
2616 53
2617 53
2618 53
2619 53
2620 53
2621 53
2622 53
2623 53
2624 53
2625 53
2626 53
2627 53
2628 53
2629 53
2630 53
2631 53
2632 53
2633 53
2634 53
2635 53
2636 53
2637 53
2638 53
2639 53
2640 53
2641 53
2642 53
2643 53
2644 53
2645 53
2646 53
2647 53
2648 53
2649 53
2650 53
2689 54
2690 54
2691 54
2692 54
2693 54
2694 54
2695 54
2696 54
2697 54
2698 54
2699 54
2700 54
2651 54
2652 54
2653 54
2654 54
2655 54
2656 54
2657 54
2658 54
2659 54
2660 54
2661 54
2662 54
2663 54
2664 54
2665 54
2666 54
2667 54
2668 54
2669 54
2670 54
2671 54
2672 54
2673 54
2674 54
2675 54
2676 54
2677 54
2678 54
2679 54
2680 54
2681 54
2682 54
2683 54
2684 54
2685 54
2686 54
2687 54
2688 54
2701 55
2702 55
2703 55
2704 55
2705 55
2706 55
2707 55
2708 55
2709 55
2710 55
2711 55
2712 55
2713 55
2714 55
2715 55
2716 55
2717 55
2718 55
2719 55
2720 55
2721 55
2722 55
2723 55
2724 55
2725 55
2726 55
2727 55
2728 55
2729 55
2730 55
2731 55
2732 55
2733 55
2734 55
2735 55
2736 55
2737 55
2738 55
2739 55
2740 55
2741 55
2742 55
2743 55
2744 55
2745 55
2746 55
2747 55
2748 55
2749 55
2750 55
2751 56
2752 56
2753 56
2754 56
2755 56
2756 56
2757 56
2758 56
2759 56
2760 56
2761 56
2762 56
2763 56
2764 56
2765 56
2766 56
2767 56
2768 56
2769 56
2770 56
2771 56
2772 56
2773 56
2774 56
2775 56
2776 56
2777 56
2778 56
2779 56
2780 56
2781 56
2782 56
2783 56
2784 56
2785 56
2786 56
2787 56
2788 56
2789 56
2790 56
2791 56
2792 56
2793 56
2794 56
2795 56
2796 56
2797 56
2798 56
2799 56
2800 56
2817 57
2818 57
2819 57
2820 57
2821 57
2822 57
2823 57
2824 57
2825 57
2826 57
2827 57
2828 57
2829 57
2830 57
2831 57
2832 57
2833 57
2834 57
2835 57
2836 57
2837 57
2838 57
2839 57
2840 57
2841 57
2842 57
2843 57
2844 57
2845 57
2846 57
2847 57
2848 57
2849 57
2850 57
2801 57
2802 57
2803 57
2804 57
2805 57
2806 57
2807 57
2808 57
2809 57
2810 57
2811 57
2812 57
2813 57
2814 57
2815 57
2816 57
2851 58
2852 58
2853 58
2854 58
2855 58
2856 58
2857 58
2858 58
2859 58
2860 58
2861 58
2862 58
2863 58
2864 58
2865 58
2866 58
2867 58
2868 58
2869 58
2870 58
2871 58
2872 58
2873 58
2874 58
2875 58
2876 58
2877 58
2878 58
2879 58
2880 58
2881 58
2882 58
2883 58
2884 58
2885 58
2886 58
2887 58
2888 58
2889 58
2890 58
2891 58
2892 58
2893 58
2894 58
2895 58
2896 58
2897 58
2898 58
2899 58
2900 58
2945 59
2946 59
2947 59
2948 59
2949 59
2950 59
2901 59
2902 59
2903 59
2904 59
2905 59
2906 59
2907 59
2908 59
2909 59
2910 59
2911 59
2912 59
2913 59
2914 59
2915 59
2916 59
2917 59
2918 59
2919 59
2920 59
2921 59
2922 59
2923 59
2924 59
2925 59
2926 59
2927 59
2928 59
2929 59
2930 59
2931 59
2932 59
2933 59
2934 59
2935 59
2936 59
2937 59
2938 59
2939 59
2940 59
2941 59
2942 59
2943 59
2944 59
2951 60
2952 60
2953 60
2954 60
2955 60
2956 60
2957 60
2958 60
2959 60
2960 60
2961 60
2962 60
2963 60
2964 60
2965 60
2966 60
2967 60
2968 60
2969 60
2970 60
2971 60
2972 60
2973 60
2974 60
2975 60
2976 60
2977 60
2978 60
2979 60
2980 60
2981 60
2982 60
2983 60
2984 60
2985 60
2986 60
2987 60
2988 60
2989 60
2990 60
2991 60
2992 60
2993 60
2994 60
2995 60
2996 60
2997 60
2998 60
2999 60
3000 60
3001 61
3002 61
3003 61
3004 61
3005 61
3006 61
3007 61
3008 61
3009 61
3010 61
3011 61
3012 61
3013 61
3014 61
3015 61
3016 61
3017 61
3018 61
3019 61
3020 61
3021 61
3022 61
3023 61
3024 61
3025 61
3026 61
3027 61
3028 61
3029 61
3030 61
3031 61
3032 61
3033 61
3034 61
3035 61
3036 61
3037 61
3038 61
3039 61
3040 61
3041 61
3042 61
3043 61
3044 61
3045 61
3046 61
3047 61
3048 61
3049 61
3050 61
3073 62
3074 62
3075 62
3076 62
3077 62
3078 62
3079 62
3080 62
3081 62
3082 62
3083 62
3084 62
3085 62
3086 62
3087 62
3088 62
3089 62
3090 62
3091 62
3092 62
3093 62
3094 62
3095 62
3096 62
3097 62
3098 62
3099 62
3100 62
3051 62
3052 62
3053 62
3054 62
3055 62
3056 62
3057 62
3058 62
3059 62
3060 62
3061 62
3062 62
3063 62
3064 62
3065 62
3066 62
3067 62
3068 62
3069 62
3070 62
3071 62
3072 62
3101 63
3102 63
3103 63
3104 63
3105 63
3106 63
3107 63
3108 63
3109 63
3110 63
3111 63
3112 63
3113 63
3114 63
3115 63
3116 63
3117 63
3118 63
3119 63
3120 63
3121 63
3122 63
3123 63
3124 63
3125 63
3126 63
3127 63
3128 63
3129 63
3130 63
3131 63
3132 63
3133 63
3134 63
3135 63
3136 63
3137 63
3138 63
3139 63
3140 63
3141 63
3142 63
3143 63
3144 63
3145 63
3146 63
3147 63
3148 63
3149 63
3150 63
3151 64
3152 64
3153 64
3154 64
3155 64
3156 64
3157 64
3158 64
3159 64
3160 64
3161 64
3162 64
3163 64
3164 64
3165 64
3166 64
3167 64
3168 64
3169 64
3170 64
3171 64
3172 64
3173 64
3174 64
3175 64
3176 64
3177 64
3178 64
3179 64
3180 64
3181 64
3182 64
3183 64
3184 64
3185 64
3186 64
3187 64
3188 64
3189 64
3190 64
3191 64
3192 64
3193 64
3194 64
3195 64
3196 64
3197 64
3198 64
3199 64
3200 64
3201 65
3202 65
3203 65
3204 65
3205 65
3206 65
3207 65
3208 65
3209 65
3210 65
3211 65
3212 65
3213 65
3214 65
3215 65
3216 65
3217 65
3218 65
3219 65
3220 65
3221 65
3222 65
3223 65
3224 65
3225 65
3226 65
3227 65
3228 65
3229 65
3230 65
3231 65
3232 65
3233 65
3234 65
3235 65
3236 65
3237 65
3238 65
3239 65
3240 65
3241 65
3242 65
3243 65
3244 65
3245 65
3246 65
3247 65
3248 65
3249 65
3250 65
3251 66
3252 66
3253 66
3254 66
3255 66
3256 66
3257 66
3258 66
3259 66
3260 66
3261 66
3262 66
3263 66
3264 66
3265 66
3266 66
3267 66
3268 66
3269 66
3270 66
3271 66
3272 66
3273 66
3274 66
3275 66
3276 66
3277 66
3278 66
3279 66
3280 66
3281 66
3282 66
3283 66
3284 66
3285 66
3286 66
3287 66
3288 66
3289 66
3290 66
3291 66
3292 66
3293 66
3294 66
3295 66
3296 66
3297 66
3298 66
3299 66
3300 66
3329 67
3330 67
3331 67
3332 67
3333 67
3334 67
3335 67
3336 67
3337 67
3338 67
3339 67
3340 67
3341 67
3342 67
3343 67
3344 67
3345 67
3346 67
3347 67
3348 67
3349 67
3350 67
3301 67
3302 67
3303 67
3304 67
3305 67
3306 67
3307 67
3308 67
3309 67
3310 67
3311 67
3312 67
3313 67
3314 67
3315 67
3316 67
3317 67
3318 67
3319 67
3320 67
3321 67
3322 67
3323 67
3324 67
3325 67
3326 67
3327 67
3328 67
3351 68
3352 68
3353 68
3354 68
3355 68
3356 68
3357 68
3358 68
3359 68
3360 68
3361 68
3362 68
3363 68
3364 68
3365 68
3366 68
3367 68
3368 68
3369 68
3370 68
3371 68
3372 68
3373 68
3374 68
3375 68
3376 68
3377 68
3378 68
3379 68
3380 68
3381 68
3382 68
3383 68
3384 68
3385 68
3386 68
3387 68
3388 68
3389 68
3390 68
3391 68
3392 68
3393 68
3394 68
3395 68
3396 68
3397 68
3398 68
3399 68
3400 68
3401 69
3402 69
3403 69
3404 69
3405 69
3406 69
3407 69
3408 69
3409 69
3410 69
3411 69
3412 69
3413 69
3414 69
3415 69
3416 69
3417 69
3418 69
3419 69
3420 69
3421 69
3422 69
3423 69
3424 69
3425 69
3426 69
3427 69
3428 69
3429 69
3430 69
3431 69
3432 69
3433 69
3434 69
3435 69
3436 69
3437 69
3438 69
3439 69
3440 69
3441 69
3442 69
3443 69
3444 69
3445 69
3446 69
3447 69
3448 69
3449 69
3450 69
3457 70
3458 70
3459 70
3460 70
3461 70
3462 70
3463 70
3464 70
3465 70
3466 70
3467 70
3468 70
3469 70
3470 70
3471 70
3472 70
3473 70
3474 70
3475 70
3476 70
3477 70
3478 70
3479 70
3480 70
3481 70
3482 70
3483 70
3484 70
3485 70
3486 70
3487 70
3488 70
3489 70
3490 70
3491 70
3492 70
3493 70
3494 70
3495 70
3496 70
3497 70
3498 70
3499 70
3500 70
3451 70
3452 70
3453 70
3454 70
3455 70
3456 70
3501 71
3502 71
3503 71
3504 71
3505 71
3506 71
3507 71
3508 71
3509 71
3510 71
3511 71
3512 71
3513 71
3514 71
3515 71
3516 71
3517 71
3518 71
3519 71
3520 71
3521 71
3522 71
3523 71
3524 71
3525 71
3526 71
3527 71
3528 71
3529 71
3530 71
3531 71
3532 71
3533 71
3534 71
3535 71
3536 71
3537 71
3538 71
3539 71
3540 71
3541 71
3542 71
3543 71
3544 71
3545 71
3546 71
3547 71
3548 71
3549 71
3550 71
3585 72
3586 72
3587 72
3588 72
3589 72
3590 72
3591 72
3592 72
3593 72
3594 72
3595 72
3596 72
3597 72
3598 72
3599 72
3600 72
3551 72
3552 72
3553 72
3554 72
3555 72
3556 72
3557 72
3558 72
3559 72
3560 72
3561 72
3562 72
3563 72
3564 72
3565 72
3566 72
3567 72
3568 72
3569 72
3570 72
3571 72
3572 72
3573 72
3574 72
3575 72
3576 72
3577 72
3578 72
3579 72
3580 72
3581 72
3582 72
3583 72
3584 72
3601 73
3602 73
3603 73
3604 73
3605 73
3606 73
3607 73
3608 73
3609 73
3610 73
3611 73
3612 73
3613 73
3614 73
3615 73
3616 73
3617 73
3618 73
3619 73
3620 73
3621 73
3622 73
3623 73
3624 73
3625 73
3626 73
3627 73
3628 73
3629 73
3630 73
3631 73
3632 73
3633 73
3634 73
3635 73
3636 73
3637 73
3638 73
3639 73
3640 73
3641 73
3642 73
3643 73
3644 73
3645 73
3646 73
3647 73
3648 73
3649 73
3650 73
3651 74
3652 74
3653 74
3654 74
3655 74
3656 74
3657 74
3658 74
3659 74
3660 74
3661 74
3662 74
3663 74
3664 74
3665 74
3666 74
3667 74
3668 74
3669 74
3670 74
3671 74
3672 74
3673 74
3674 74
3675 74
3676 74
3677 74
3678 74
3679 74
3680 74
3681 74
3682 74
3683 74
3684 74
3685 74
3686 74
3687 74
3688 74
3689 74
3690 74
3691 74
3692 74
3693 74
3694 74
3695 74
3696 74
3697 74
3698 74
3699 74
3700 74
3713 75
3714 75
3715 75
3716 75
3717 75
3718 75
3719 75
3720 75
3721 75
3722 75
3723 75
3724 75
3725 75
3726 75
3727 75
3728 75
3729 75
3730 75
3731 75
3732 75
3733 75
3734 75
3735 75
3736 75
3737 75
3738 75
3739 75
3740 75
3741 75
3742 75
3743 75
3744 75
3745 75
3746 75
3747 75
3748 75
3749 75
3750 75
3701 75
3702 75
3703 75
3704 75
3705 75
3706 75
3707 75
3708 75
3709 75
3710 75
3711 75
3712 75
3751 76
3752 76
3753 76
3754 76
3755 76
3756 76
3757 76
3758 76
3759 76
3760 76
3761 76
3762 76
3763 76
3764 76
3765 76
3766 76
3767 76
3768 76
3769 76
3770 76
3771 76
3772 76
3773 76
3774 76
3775 76
3776 76
3777 76
3778 76
3779 76
3780 76
3781 76
3782 76
3783 76
3784 76
3785 76
3786 76
3787 76
3788 76
3789 76
3790 76
3791 76
3792 76
3793 76
3794 76
3795 76
3796 76
3797 76
3798 76
3799 76
3800 76
3841 77
3842 77
3843 77
3844 77
3845 77
3846 77
3847 77
3848 77
3849 77
3850 77
3801 77
3802 77
3803 77
3804 77
3805 77
3806 77
3807 77
3808 77
3809 77
3810 77
3811 77
3812 77
3813 77
3814 77
3815 77
3816 77
3817 77
3818 77
3819 77
3820 77
3821 77
3822 77
3823 77
3824 77
3825 77
3826 77
3827 77
3828 77
3829 77
3830 77
3831 77
3832 77
3833 77
3834 77
3835 77
3836 77
3837 77
3838 77
3839 77
3840 77
3851 78
3852 78
3853 78
3854 78
3855 78
3856 78
3857 78
3858 78
3859 78
3860 78
3861 78
3862 78
3863 78
3864 78
3865 78
3866 78
3867 78
3868 78
3869 78
3870 78
3871 78
3872 78
3873 78
3874 78
3875 78
3876 78
3877 78
3878 78
3879 78
3880 78
3881 78
3882 78
3883 78
3884 78
3885 78
3886 78
3887 78
3888 78
3889 78
3890 78
3891 78
3892 78
3893 78
3894 78
3895 78
3896 78
3897 78
3898 78
3899 78
3900 78
3901 79
3902 79
3903 79
3904 79
3905 79
3906 79
3907 79
3908 79
3909 79
3910 79
3911 79
3912 79
3913 79
3914 79
3915 79
3916 79
3917 79
3918 79
3919 79
3920 79
3921 79
3922 79
3923 79
3924 79
3925 79
3926 79
3927 79
3928 79
3929 79
3930 79
3931 79
3932 79
3933 79
3934 79
3935 79
3936 79
3937 79
3938 79
3939 79
3940 79
3941 79
3942 79
3943 79
3944 79
3945 79
3946 79
3947 79
3948 79
3949 79
3950 79
3969 80
3970 80
3971 80
3972 80
3973 80
3974 80
3975 80
3976 80
3977 80
3978 80
3979 80
3980 80
3981 80
3982 80
3983 80
3984 80
3985 80
3986 80
3987 80
3988 80
3989 80
3990 80
3991 80
3992 80
3993 80
3994 80
3995 80
3996 80
3997 80
3998 80
3999 80
4000 80
3951 80
3952 80
3953 80
3954 80
3955 80
3956 80
3957 80
3958 80
3959 80
3960 80
3961 80
3962 80
3963 80
3964 80
3965 80
3966 80
3967 80
3968 80
4001 81
4002 81
4003 81
4004 81
4005 81
4006 81
4007 81
4008 81
4009 81
4010 81
4011 81
4012 81
4013 81
4014 81
4015 81
4016 81
4017 81
4018 81
4019 81
4020 81
4021 81
4022 81
4023 81
4024 81
4025 81
4026 81
4027 81
4028 81
4029 81
4030 81
4031 81
4032 81
4033 81
4034 81
4035 81
4036 81
4037 81
4038 81
4039 81
4040 81
4041 81
4042 81
4043 81
4044 81
4045 81
4046 81
4047 81
4048 81
4049 81
4050 81
4097 82
4098 82
4099 82
4100 82
4051 82
4052 82
4053 82
4054 82
4055 82
4056 82
4057 82
4058 82
4059 82
4060 82
4061 82
4062 82
4063 82
4064 82
4065 82
4066 82
4067 82
4068 82
4069 82
4070 82
4071 82
4072 82
4073 82
4074 82
4075 82
4076 82
4077 82
4078 82
4079 82
4080 82
4081 82
4082 82
4083 82
4084 82
4085 82
4086 82
4087 82
4088 82
4089 82
4090 82
4091 82
4092 82
4093 82
4094 82
4095 82
4096 82
4101 83
4102 83
4103 83
4104 83
4105 83
4106 83
4107 83
4108 83
4109 83
4110 83
4111 83
4112 83
4113 83
4114 83
4115 83
4116 83
4117 83
4118 83
4119 83
4120 83
4121 83
4122 83
4123 83
4124 83
4125 83
4126 83
4127 83
4128 83
4129 83
4130 83
4131 83
4132 83
4133 83
4134 83
4135 83
4136 83
4137 83
4138 83
4139 83
4140 83
4141 83
4142 83
4143 83
4144 83
4145 83
4146 83
4147 83
4148 83
4149 83
4150 83
4151 84
4152 84
4153 84
4154 84
4155 84
4156 84
4157 84
4158 84
4159 84
4160 84
4161 84
4162 84
4163 84
4164 84
4165 84
4166 84
4167 84
4168 84
4169 84
4170 84
4171 84
4172 84
4173 84
4174 84
4175 84
4176 84
4177 84
4178 84
4179 84
4180 84
4181 84
4182 84
4183 84
4184 84
4185 84
4186 84
4187 84
4188 84
4189 84
4190 84
4191 84
4192 84
4193 84
4194 84
4195 84
4196 84
4197 84
4198 84
4199 84
4200 84
4225 85
4226 85
4227 85
4228 85
4229 85
4230 85
4231 85
4232 85
4233 85
4234 85
4235 85
4236 85
4237 85
4238 85
4239 85
4240 85
4241 85
4242 85
4243 85
4244 85
4245 85
4246 85
4247 85
4248 85
4249 85
4250 85
4201 85
4202 85
4203 85
4204 85
4205 85
4206 85
4207 85
4208 85
4209 85
4210 85
4211 85
4212 85
4213 85
4214 85
4215 85
4216 85
4217 85
4218 85
4219 85
4220 85
4221 85
4222 85
4223 85
4224 85
4251 86
4252 86
4253 86
4254 86
4255 86
4256 86
4257 86
4258 86
4259 86
4260 86
4261 86
4262 86
4263 86
4264 86
4265 86
4266 86
4267 86
4268 86
4269 86
4270 86
4271 86
4272 86
4273 86
4274 86
4275 86
4276 86
4277 86
4278 86
4279 86
4280 86
4281 86
4282 86
4283 86
4284 86
4285 86
4286 86
4287 86
4288 86
4289 86
4290 86
4291 86
4292 86
4293 86
4294 86
4295 86
4296 86
4297 86
4298 86
4299 86
4300 86
4301 87
4302 87
4303 87
4304 87
4305 87
4306 87
4307 87
4308 87
4309 87
4310 87
4311 87
4312 87
4313 87
4314 87
4315 87
4316 87
4317 87
4318 87
4319 87
4320 87
4321 87
4322 87
4323 87
4324 87
4325 87
4326 87
4327 87
4328 87
4329 87
4330 87
4331 87
4332 87
4333 87
4334 87
4335 87
4336 87
4337 87
4338 87
4339 87
4340 87
4341 87
4342 87
4343 87
4344 87
4345 87
4346 87
4347 87
4348 87
4349 87
4350 87
4353 88
4354 88
4355 88
4356 88
4357 88
4358 88
4359 88
4360 88
4361 88
4362 88
4363 88
4364 88
4365 88
4366 88
4367 88
4368 88
4369 88
4370 88
4371 88
4372 88
4373 88
4374 88
4375 88
4376 88
4377 88
4378 88
4379 88
4380 88
4381 88
4382 88
4383 88
4384 88
4385 88
4386 88
4387 88
4388 88
4389 88
4390 88
4391 88
4392 88
4393 88
4394 88
4395 88
4396 88
4397 88
4398 88
4399 88
4400 88
4351 88
4352 88
4401 89
4402 89
4403 89
4404 89
4405 89
4406 89
4407 89
4408 89
4409 89
4410 89
4411 89
4412 89
4413 89
4414 89
4415 89
4416 89
4417 89
4418 89
4419 89
4420 89
4421 89
4422 89
4423 89
4424 89
4425 89
4426 89
4427 89
4428 89
4429 89
4430 89
4431 89
4432 89
4433 89
4434 89
4435 89
4436 89
4437 89
4438 89
4439 89
4440 89
4441 89
4442 89
4443 89
4444 89
4445 89
4446 89
4447 89
4448 89
4449 89
4450 89
4481 90
4482 90
4483 90
4484 90
4485 90
4486 90
4487 90
4488 90
4489 90
4490 90
4491 90
4492 90
4493 90
4494 90
4495 90
4496 90
4497 90
4498 90
4499 90
4500 90
4451 90
4452 90
4453 90
4454 90
4455 90
4456 90
4457 90
4458 90
4459 90
4460 90
4461 90
4462 90
4463 90
4464 90
4465 90
4466 90
4467 90
4468 90
4469 90
4470 90
4471 90
4472 90
4473 90
4474 90
4475 90
4476 90
4477 90
4478 90
4479 90
4480 90
4501 91
4502 91
4503 91
4504 91
4505 91
4506 91
4507 91
4508 91
4509 91
4510 91
4511 91
4512 91
4513 91
4514 91
4515 91
4516 91
4517 91
4518 91
4519 91
4520 91
4521 91
4522 91
4523 91
4524 91
4525 91
4526 91
4527 91
4528 91
4529 91
4530 91
4531 91
4532 91
4533 91
4534 91
4535 91
4536 91
4537 91
4538 91
4539 91
4540 91
4541 91
4542 91
4543 91
4544 91
4545 91
4546 91
4547 91
4548 91
4549 91
4550 91
4551 92
4552 92
4553 92
4554 92
4555 92
4556 92
4557 92
4558 92
4559 92
4560 92
4561 92
4562 92
4563 92
4564 92
4565 92
4566 92
4567 92
4568 92
4569 92
4570 92
4571 92
4572 92
4573 92
4574 92
4575 92
4576 92
4577 92
4578 92
4579 92
4580 92
4581 92
4582 92
4583 92
4584 92
4585 92
4586 92
4587 92
4588 92
4589 92
4590 92
4591 92
4592 92
4593 92
4594 92
4595 92
4596 92
4597 92
4598 92
4599 92
4600 92
4609 93
4610 93
4611 93
4612 93
4613 93
4614 93
4615 93
4616 93
4617 93
4618 93
4619 93
4620 93
4621 93
4622 93
4623 93
4624 93
4625 93
4626 93
4627 93
4628 93
4629 93
4630 93
4631 93
4632 93
4633 93
4634 93
4635 93
4636 93
4637 93
4638 93
4639 93
4640 93
4641 93
4642 93
4643 93
4644 93
4645 93
4646 93
4647 93
4648 93
4649 93
4650 93
4601 93
4602 93
4603 93
4604 93
4605 93
4606 93
4607 93
4608 93
4651 94
4652 94
4653 94
4654 94
4655 94
4656 94
4657 94
4658 94
4659 94
4660 94
4661 94
4662 94
4663 94
4664 94
4665 94
4666 94
4667 94
4668 94
4669 94
4670 94
4671 94
4672 94
4673 94
4674 94
4675 94
4676 94
4677 94
4678 94
4679 94
4680 94
4681 94
4682 94
4683 94
4684 94
4685 94
4686 94
4687 94
4688 94
4689 94
4690 94
4691 94
4692 94
4693 94
4694 94
4695 94
4696 94
4697 94
4698 94
4699 94
4700 94
4737 95
4738 95
4739 95
4740 95
4741 95
4742 95
4743 95
4744 95
4745 95
4746 95
4747 95
4748 95
4749 95
4750 95
4701 95
4702 95
4703 95
4704 95
4705 95
4706 95
4707 95
4708 95
4709 95
4710 95
4711 95
4712 95
4713 95
4714 95
4715 95
4716 95
4717 95
4718 95
4719 95
4720 95
4721 95
4722 95
4723 95
4724 95
4725 95
4726 95
4727 95
4728 95
4729 95
4730 95
4731 95
4732 95
4733 95
4734 95
4735 95
4736 95
4751 96
4752 96
4753 96
4754 96
4755 96
4756 96
4757 96
4758 96
4759 96
4760 96
4761 96
4762 96
4763 96
4764 96
4765 96
4766 96
4767 96
4768 96
4769 96
4770 96
4771 96
4772 96
4773 96
4774 96
4775 96
4776 96
4777 96
4778 96
4779 96
4780 96
4781 96
4782 96
4783 96
4784 96
4785 96
4786 96
4787 96
4788 96
4789 96
4790 96
4791 96
4792 96
4793 96
4794 96
4795 96
4796 96
4797 96
4798 96
4799 96
4800 96
4801 97
4802 97
4803 97
4804 97
4805 97
4806 97
4807 97
4808 97
4809 97
4810 97
4811 97
4812 97
4813 97
4814 97
4815 97
4816 97
4817 97
4818 97
4819 97
4820 97
4821 97
4822 97
4823 97
4824 97
4825 97
4826 97
4827 97
4828 97
4829 97
4830 97
4831 97
4832 97
4833 97
4834 97
4835 97
4836 97
4837 97
4838 97
4839 97
4840 97
4841 97
4842 97
4843 97
4844 97
4845 97
4846 97
4847 97
4848 97
4849 97
4850 97
4865 98
4866 98
4867 98
4868 98
4869 98
4870 98
4871 98
4872 98
4873 98
4874 98
4875 98
4876 98
4877 98
4878 98
4879 98
4880 98
4881 98
4882 98
4883 98
4884 98
4885 98
4886 98
4887 98
4888 98
4889 98
4890 98
4891 98
4892 98
4893 98
4894 98
4895 98
4896 98
4897 98
4898 98
4899 98
4900 98
4851 98
4852 98
4853 98
4854 98
4855 98
4856 98
4857 98
4858 98
4859 98
4860 98
4861 98
4862 98
4863 98
4864 98
4901 99
4902 99
4903 99
4904 99
4905 99
4906 99
4907 99
4908 99
4909 99
4910 99
4911 99
4912 99
4913 99
4914 99
4915 99
4916 99
4917 99
4918 99
4919 99
4920 99
4921 99
4922 99
4923 99
4924 99
4925 99
4926 99
4927 99
4928 99
4929 99
4930 99
4931 99
4932 99
4933 99
4934 99
4935 99
4936 99
4937 99
4938 99
4939 99
4940 99
4941 99
4942 99
4943 99
4944 99
4945 99
4946 99
4947 99
4948 99
4949 99
4950 99
4993 100
4994 100
4995 100
4996 100
4997 100
4998 100
4999 100
5000 100
4951 100
4952 100
4953 100
4954 100
4955 100
4956 100
4957 100
4958 100
4959 100
4960 100
4961 100
4962 100
4963 100
4964 100
4965 100
4966 100
4967 100
4968 100
4969 100
4970 100
4971 100
4972 100
4973 100
4974 100
4975 100
4976 100
4977 100
4978 100
4979 100
4980 100
4981 100
4982 100
4983 100
4984 100
4985 100
4986 100
4987 100
4988 100
4989 100
4990 100
4991 100
4992 100
5001 101
5002 101
5003 101
5004 101
5005 101
5006 101
5007 101
5008 101
5009 101
5010 101
5011 101
5012 101
5013 101
5014 101
5015 101
5016 101
5017 101
5018 101
5019 101
5020 101
5021 101
5022 101
5023 101
5024 101
5025 101
5026 101
5027 101
5028 101
5029 101
5030 101
5031 101
5032 101
5033 101
5034 101
5035 101
5036 101
5037 101
5038 101
5039 101
5040 101
5041 101
5042 101
5043 101
5044 101
5045 101
5046 101
5047 101
5048 101
5049 101
5050 101
5051 102
5052 102
5053 102
5054 102
5055 102
5056 102
5057 102
5058 102
5059 102
5060 102
5061 102
5062 102
5063 102
5064 102
5065 102
5066 102
5067 102
5068 102
5069 102
5070 102
5071 102
5072 102
5073 102
5074 102
5075 102
5076 102
5077 102
5078 102
5079 102
5080 102
5081 102
5082 102
5083 102
5084 102
5085 102
5086 102
5087 102
5088 102
5089 102
5090 102
5091 102
5092 102
5093 102
5094 102
5095 102
5096 102
5097 102
5098 102
5099 102
5100 102
5121 103
5122 103
5123 103
5124 103
5125 103
5126 103
5127 103
5128 103
5129 103
5130 103
5131 103
5132 103
5133 103
5134 103
5135 103
5136 103
5137 103
5138 103
5139 103
5140 103
5141 103
5142 103
5143 103
5144 103
5145 103
5146 103
5147 103
5148 103
5149 103
5150 103
5101 103
5102 103
5103 103
5104 103
5105 103
5106 103
5107 103
5108 103
5109 103
5110 103
5111 103
5112 103
5113 103
5114 103
5115 103
5116 103
5117 103
5118 103
5119 103
5120 103
5151 104
5152 104
5153 104
5154 104
5155 104
5156 104
5157 104
5158 104
5159 104
5160 104
5161 104
5162 104
5163 104
5164 104
5165 104
5166 104
5167 104
5168 104
5169 104
5170 104
5171 104
5172 104
5173 104
5174 104
5175 104
5176 104
5177 104
5178 104
5179 104
5180 104
5181 104
5182 104
5183 104
5184 104
5185 104
5186 104
5187 104
5188 104
5189 104
5190 104
5191 104
5192 104
5193 104
5194 104
5195 104
5196 104
5197 104
5198 104
5199 104
5200 104
5249 105
5250 105
5201 105
5202 105
5203 105
5204 105
5205 105
5206 105
5207 105
5208 105
5209 105
5210 105
5211 105
5212 105
5213 105
5214 105
5215 105
5216 105
5217 105
5218 105
5219 105
5220 105
5221 105
5222 105
5223 105
5224 105
5225 105
5226 105
5227 105
5228 105
5229 105
5230 105
5231 105
5232 105
5233 105
5234 105
5235 105
5236 105
5237 105
5238 105
5239 105
5240 105
5241 105
5242 105
5243 105
5244 105
5245 105
5246 105
5247 105
5248 105
5251 106
5252 106
5253 106
5254 106
5255 106
5256 106
5257 106
5258 106
5259 106
5260 106
5261 106
5262 106
5263 106
5264 106
5265 106
5266 106
5267 106
5268 106
5269 106
5270 106
5271 106
5272 106
5273 106
5274 106
5275 106
5276 106
5277 106
5278 106
5279 106
5280 106
5281 106
5282 106
5283 106
5284 106
5285 106
5286 106
5287 106
5288 106
5289 106
5290 106
5291 106
5292 106
5293 106
5294 106
5295 106
5296 106
5297 106
5298 106
5299 106
5300 106
5301 107
5302 107
5303 107
5304 107
5305 107
5306 107
5307 107
5308 107
5309 107
5310 107
5311 107
5312 107
5313 107
5314 107
5315 107
5316 107
5317 107
5318 107
5319 107
5320 107
5321 107
5322 107
5323 107
5324 107
5325 107
5326 107
5327 107
5328 107
5329 107
5330 107
5331 107
5332 107
5333 107
5334 107
5335 107
5336 107
5337 107
5338 107
5339 107
5340 107
5341 107
5342 107
5343 107
5344 107
5345 107
5346 107
5347 107
5348 107
5349 107
5350 107
5377 108
5378 108
5379 108
5380 108
5381 108
5382 108
5383 108
5384 108
5385 108
5386 108
5387 108
5388 108
5389 108
5390 108
5391 108
5392 108
5393 108
5394 108
5395 108
5396 108
5397 108
5398 108
5399 108
5400 108
5351 108
5352 108
5353 108
5354 108
5355 108
5356 108
5357 108
5358 108
5359 108
5360 108
5361 108
5362 108
5363 108
5364 108
5365 108
5366 108
5367 108
5368 108
5369 108
5370 108
5371 108
5372 108
5373 108
5374 108
5375 108
5376 108
5401 109
5402 109
5403 109
5404 109
5405 109
5406 109
5407 109
5408 109
5409 109
5410 109
5411 109
5412 109
5413 109
5414 109
5415 109
5416 109
5417 109
5418 109
5419 109
5420 109
5421 109
5422 109
5423 109
5424 109
5425 109
5426 109
5427 109
5428 109
5429 109
5430 109
5431 109
5432 109
5433 109
5434 109
5435 109
5436 109
5437 109
5438 109
5439 109
5440 109
5441 109
5442 109
5443 109
5444 109
5445 109
5446 109
5447 109
5448 109
5449 109
5450 109
5451 110
5452 110
5453 110
5454 110
5455 110
5456 110
5457 110
5458 110
5459 110
5460 110
5461 110
5462 110
5463 110
5464 110
5465 110
5466 110
5467 110
5468 110
5469 110
5470 110
5471 110
5472 110
5473 110
5474 110
5475 110
5476 110
5477 110
5478 110
5479 110
5480 110
5481 110
5482 110
5483 110
5484 110
5485 110
5486 110
5487 110
5488 110
5489 110
5490 110
5491 110
5492 110
5493 110
5494 110
5495 110
5496 110
5497 110
5498 110
5499 110
5500 110
5505 111
5506 111
5507 111
5508 111
5509 111
5510 111
5511 111
5512 111
5513 111
5514 111
5515 111
5516 111
5517 111
5518 111
5519 111
5520 111
5521 111
5522 111
5523 111
5524 111
5525 111
5526 111
5527 111
5528 111
5529 111
5530 111
5531 111
5532 111
5533 111
5534 111
5535 111
5536 111
5537 111
5538 111
5539 111
5540 111
5541 111
5542 111
5543 111
5544 111
5545 111
5546 111
5547 111
5548 111
5549 111
5550 111
5501 111
5502 111
5503 111
5504 111
5551 112
5552 112
5553 112
5554 112
5555 112
5556 112
5557 112
5558 112
5559 112
5560 112
5561 112
5562 112
5563 112
5564 112
5565 112
5566 112
5567 112
5568 112
5569 112
5570 112
5571 112
5572 112
5573 112
5574 112
5575 112
5576 112
5577 112
5578 112
5579 112
5580 112
5581 112
5582 112
5583 112
5584 112
5585 112
5586 112
5587 112
5588 112
5589 112
5590 112
5591 112
5592 112
5593 112
5594 112
5595 112
5596 112
5597 112
5598 112
5599 112
5600 112
5633 113
5634 113
5635 113
5636 113
5637 113
5638 113
5639 113
5640 113
5641 113
5642 113
5643 113
5644 113
5645 113
5646 113
5647 113
5648 113
5649 113
5650 113
5601 113
5602 113
5603 113
5604 113
5605 113
5606 113
5607 113
5608 113
5609 113
5610 113
5611 113
5612 113
5613 113
5614 113
5615 113
5616 113
5617 113
5618 113
5619 113
5620 113
5621 113
5622 113
5623 113
5624 113
5625 113
5626 113
5627 113
5628 113
5629 113
5630 113
5631 113
5632 113
5651 114
5652 114
5653 114
5654 114
5655 114
5656 114
5657 114
5658 114
5659 114
5660 114
5661 114
5662 114
5663 114
5664 114
5665 114
5666 114
5667 114
5668 114
5669 114
5670 114
5671 114
5672 114
5673 114
5674 114
5675 114
5676 114
5677 114
5678 114
5679 114
5680 114
5681 114
5682 114
5683 114
5684 114
5685 114
5686 114
5687 114
5688 114
5689 114
5690 114
5691 114
5692 114
5693 114
5694 114
5695 114
5696 114
5697 114
5698 114
5699 114
5700 114
5701 115
5702 115
5703 115
5704 115
5705 115
5706 115
5707 115
5708 115
5709 115
5710 115
5711 115
5712 115
5713 115
5714 115
5715 115
5716 115
5717 115
5718 115
5719 115
5720 115
5721 115
5722 115
5723 115
5724 115
5725 115
5726 115
5727 115
5728 115
5729 115
5730 115
5731 115
5732 115
5733 115
5734 115
5735 115
5736 115
5737 115
5738 115
5739 115
5740 115
5741 115
5742 115
5743 115
5744 115
5745 115
5746 115
5747 115
5748 115
5749 115
5750 115
5761 116
5762 116
5763 116
5764 116
5765 116
5766 116
5767 116
5768 116
5769 116
5770 116
5771 116
5772 116
5773 116
5774 116
5775 116
5776 116
5777 116
5778 116
5779 116
5780 116
5781 116
5782 116
5783 116
5784 116
5785 116
5786 116
5787 116
5788 116
5789 116
5790 116
5791 116
5792 116
5793 116
5794 116
5795 116
5796 116
5797 116
5798 116
5799 116
5800 116
5751 116
5752 116
5753 116
5754 116
5755 116
5756 116
5757 116
5758 116
5759 116
5760 116
5801 117
5802 117
5803 117
5804 117
5805 117
5806 117
5807 117
5808 117
5809 117
5810 117
5811 117
5812 117
5813 117
5814 117
5815 117
5816 117
5817 117
5818 117
5819 117
5820 117
5821 117
5822 117
5823 117
5824 117
5825 117
5826 117
5827 117
5828 117
5829 117
5830 117
5831 117
5832 117
5833 117
5834 117
5835 117
5836 117
5837 117
5838 117
5839 117
5840 117
5841 117
5842 117
5843 117
5844 117
5845 117
5846 117
5847 117
5848 117
5849 117
5850 117
5889 118
5890 118
5891 118
5892 118
5893 118
5894 118
5895 118
5896 118
5897 118
5898 118
5899 118
5900 118
5851 118
5852 118
5853 118
5854 118
5855 118
5856 118
5857 118
5858 118
5859 118
5860 118
5861 118
5862 118
5863 118
5864 118
5865 118
5866 118
5867 118
5868 118
5869 118
5870 118
5871 118
5872 118
5873 118
5874 118
5875 118
5876 118
5877 118
5878 118
5879 118
5880 118
5881 118
5882 118
5883 118
5884 118
5885 118
5886 118
5887 118
5888 118
5901 119
5902 119
5903 119
5904 119
5905 119
5906 119
5907 119
5908 119
5909 119
5910 119
5911 119
5912 119
5913 119
5914 119
5915 119
5916 119
5917 119
5918 119
5919 119
5920 119
5921 119
5922 119
5923 119
5924 119
5925 119
5926 119
5927 119
5928 119
5929 119
5930 119
5931 119
5932 119
5933 119
5934 119
5935 119
5936 119
5937 119
5938 119
5939 119
5940 119
5941 119
5942 119
5943 119
5944 119
5945 119
5946 119
5947 119
5948 119
5949 119
5950 119
5951 120
5952 120
5953 120
5954 120
5955 120
5956 120
5957 120
5958 120
5959 120
5960 120
5961 120
5962 120
5963 120
5964 120
5965 120
5966 120
5967 120
5968 120
5969 120
5970 120
5971 120
5972 120
5973 120
5974 120
5975 120
5976 120
5977 120
5978 120
5979 120
5980 120
5981 120
5982 120
5983 120
5984 120
5985 120
5986 120
5987 120
5988 120
5989 120
5990 120
5991 120
5992 120
5993 120
5994 120
5995 120
5996 120
5997 120
5998 120
5999 120
6000 120
6017 121
6018 121
6019 121
6020 121
6021 121
6022 121
6023 121
6024 121
6025 121
6026 121
6027 121
6028 121
6029 121
6030 121
6031 121
6032 121
6033 121
6034 121
6035 121
6036 121
6037 121
6038 121
6039 121
6040 121
6041 121
6042 121
6043 121
6044 121
6045 121
6046 121
6047 121
6048 121
6049 121
6050 121
6001 121
6002 121
6003 121
6004 121
6005 121
6006 121
6007 121
6008 121
6009 121
6010 121
6011 121
6012 121
6013 121
6014 121
6015 121
6016 121
6051 122
6052 122
6053 122
6054 122
6055 122
6056 122
6057 122
6058 122
6059 122
6060 122
6061 122
6062 122
6063 122
6064 122
6065 122
6066 122
6067 122
6068 122
6069 122
6070 122
6071 122
6072 122
6073 122
6074 122
6075 122
6076 122
6077 122
6078 122
6079 122
6080 122
6081 122
6082 122
6083 122
6084 122
6085 122
6086 122
6087 122
6088 122
6089 122
6090 122
6091 122
6092 122
6093 122
6094 122
6095 122
6096 122
6097 122
6098 122
6099 122
6100 122
6145 123
6146 123
6147 123
6148 123
6149 123
6150 123
6101 123
6102 123
6103 123
6104 123
6105 123
6106 123
6107 123
6108 123
6109 123
6110 123
6111 123
6112 123
6113 123
6114 123
6115 123
6116 123
6117 123
6118 123
6119 123
6120 123
6121 123
6122 123
6123 123
6124 123
6125 123
6126 123
6127 123
6128 123
6129 123
6130 123
6131 123
6132 123
6133 123
6134 123
6135 123
6136 123
6137 123
6138 123
6139 123
6140 123
6141 123
6142 123
6143 123
6144 123
6151 124
6152 124
6153 124
6154 124
6155 124
6156 124
6157 124
6158 124
6159 124
6160 124
6161 124
6162 124
6163 124
6164 124
6165 124
6166 124
6167 124
6168 124
6169 124
6170 124
6171 124
6172 124
6173 124
6174 124
6175 124
6176 124
6177 124
6178 124
6179 124
6180 124
6181 124
6182 124
6183 124
6184 124
6185 124
6186 124
6187 124
6188 124
6189 124
6190 124
6191 124
6192 124
6193 124
6194 124
6195 124
6196 124
6197 124
6198 124
6199 124
6200 124
6201 125
6202 125
6203 125
6204 125
6205 125
6206 125
6207 125
6208 125
6209 125
6210 125
6211 125
6212 125
6213 125
6214 125
6215 125
6216 125
6217 125
6218 125
6219 125
6220 125
6221 125
6222 125
6223 125
6224 125
6225 125
6226 125
6227 125
6228 125
6229 125
6230 125
6231 125
6232 125
6233 125
6234 125
6235 125
6236 125
6237 125
6238 125
6239 125
6240 125
6241 125
6242 125
6243 125
6244 125
6245 125
6246 125
6247 125
6248 125
6249 125
6250 125
6273 126
6274 126
6275 126
6276 126
6277 126
6278 126
6279 126
6280 126
6281 126
6282 126
6283 126
6284 126
6285 126
6286 126
6287 126
6288 126
6289 126
6290 126
6291 126
6292 126
6293 126
6294 126
6295 126
6296 126
6297 126
6298 126
6299 126
6300 126
6251 126
6252 126
6253 126
6254 126
6255 126
6256 126
6257 126
6258 126
6259 126
6260 126
6261 126
6262 126
6263 126
6264 126
6265 126
6266 126
6267 126
6268 126
6269 126
6270 126
6271 126
6272 126
6301 127
6302 127
6303 127
6304 127
6305 127
6306 127
6307 127
6308 127
6309 127
6310 127
6311 127
6312 127
6313 127
6314 127
6315 127
6316 127
6317 127
6318 127
6319 127
6320 127
6321 127
6322 127
6323 127
6324 127
6325 127
6326 127
6327 127
6328 127
6329 127
6330 127
6331 127
6332 127
6333 127
6334 127
6335 127
6336 127
6337 127
6338 127
6339 127
6340 127
6341 127
6342 127
6343 127
6344 127
6345 127
6346 127
6347 127
6348 127
6349 127
6350 127
6351 128
6352 128
6353 128
6354 128
6355 128
6356 128
6357 128
6358 128
6359 128
6360 128
6361 128
6362 128
6363 128
6364 128
6365 128
6366 128
6367 128
6368 128
6369 128
6370 128
6371 128
6372 128
6373 128
6374 128
6375 128
6376 128
6377 128
6378 128
6379 128
6380 128
6381 128
6382 128
6383 128
6384 128
6385 128
6386 128
6387 128
6388 128
6389 128
6390 128
6391 128
6392 128
6393 128
6394 128
6395 128
6396 128
6397 128
6398 128
6399 128
6400 128
6401 129
6402 129
6403 129
6404 129
6405 129
6406 129
6407 129
6408 129
6409 129
6410 129
6411 129
6412 129
6413 129
6414 129
6415 129
6416 129
6417 129
6418 129
6419 129
6420 129
6421 129
6422 129
6423 129
6424 129
6425 129
6426 129
6427 129
6428 129
6429 129
6430 129
6431 129
6432 129
6433 129
6434 129
6435 129
6436 129
6437 129
6438 129
6439 129
6440 129
6441 129
6442 129
6443 129
6444 129
6445 129
6446 129
6447 129
6448 129
6449 129
6450 129
6451 130
6452 130
6453 130
6454 130
6455 130
6456 130
6457 130
6458 130
6459 130
6460 130
6461 130
6462 130
6463 130
6464 130
6465 130
6466 130
6467 130
6468 130
6469 130
6470 130
6471 130
6472 130
6473 130
6474 130
6475 130
6476 130
6477 130
6478 130
6479 130
6480 130
6481 130
6482 130
6483 130
6484 130
6485 130
6486 130
6487 130
6488 130
6489 130
6490 130
6491 130
6492 130
6493 130
6494 130
6495 130
6496 130
6497 130
6498 130
6499 130
6500 130
6529 131
6530 131
6531 131
6532 131
6533 131
6534 131
6535 131
6536 131
6537 131
6538 131
6539 131
6540 131
6541 131
6542 131
6543 131
6544 131
6545 131
6546 131
6547 131
6548 131
6549 131
6550 131
6501 131
6502 131
6503 131
6504 131
6505 131
6506 131
6507 131
6508 131
6509 131
6510 131
6511 131
6512 131
6513 131
6514 131
6515 131
6516 131
6517 131
6518 131
6519 131
6520 131
6521 131
6522 131
6523 131
6524 131
6525 131
6526 131
6527 131
6528 131
6551 132
6552 132
6553 132
6554 132
6555 132
6556 132
6557 132
6558 132
6559 132
6560 132
6561 132
6562 132
6563 132
6564 132
6565 132
6566 132
6567 132
6568 132
6569 132
6570 132
6571 132
6572 132
6573 132
6574 132
6575 132
6576 132
6577 132
6578 132
6579 132
6580 132
6581 132
6582 132
6583 132
6584 132
6585 132
6586 132
6587 132
6588 132
6589 132
6590 132
6591 132
6592 132
6593 132
6594 132
6595 132
6596 132
6597 132
6598 132
6599 132
6600 132
6601 133
6602 133
6603 133
6604 133
6605 133
6606 133
6607 133
6608 133
6609 133
6610 133
6611 133
6612 133
6613 133
6614 133
6615 133
6616 133
6617 133
6618 133
6619 133
6620 133
6621 133
6622 133
6623 133
6624 133
6625 133
6626 133
6627 133
6628 133
6629 133
6630 133
6631 133
6632 133
6633 133
6634 133
6635 133
6636 133
6637 133
6638 133
6639 133
6640 133
6641 133
6642 133
6643 133
6644 133
6645 133
6646 133
6647 133
6648 133
6649 133
6650 133
6657 134
6658 134
6659 134
6660 134
6661 134
6662 134
6663 134
6664 134
6665 134
6666 134
6667 134
6668 134
6669 134
6670 134
6671 134
6672 134
6673 134
6674 134
6675 134
6676 134
6677 134
6678 134
6679 134
6680 134
6681 134
6682 134
6683 134
6684 134
6685 134
6686 134
6687 134
6688 134
6689 134
6690 134
6691 134
6692 134
6693 134
6694 134
6695 134
6696 134
6697 134
6698 134
6699 134
6700 134
6651 134
6652 134
6653 134
6654 134
6655 134
6656 134
6701 135
6702 135
6703 135
6704 135
6705 135
6706 135
6707 135
6708 135
6709 135
6710 135
6711 135
6712 135
6713 135
6714 135
6715 135
6716 135
6717 135
6718 135
6719 135
6720 135
6721 135
6722 135
6723 135
6724 135
6725 135
6726 135
6727 135
6728 135
6729 135
6730 135
6731 135
6732 135
6733 135
6734 135
6735 135
6736 135
6737 135
6738 135
6739 135
6740 135
6741 135
6742 135
6743 135
6744 135
6745 135
6746 135
6747 135
6748 135
6749 135
6750 135
6785 136
6786 136
6787 136
6788 136
6789 136
6790 136
6791 136
6792 136
6793 136
6794 136
6795 136
6796 136
6797 136
6798 136
6799 136
6800 136
6751 136
6752 136
6753 136
6754 136
6755 136
6756 136
6757 136
6758 136
6759 136
6760 136
6761 136
6762 136
6763 136
6764 136
6765 136
6766 136
6767 136
6768 136
6769 136
6770 136
6771 136
6772 136
6773 136
6774 136
6775 136
6776 136
6777 136
6778 136
6779 136
6780 136
6781 136
6782 136
6783 136
6784 136
6801 137
6802 137
6803 137
6804 137
6805 137
6806 137
6807 137
6808 137
6809 137
6810 137
6811 137
6812 137
6813 137
6814 137
6815 137
6816 137
6817 137
6818 137
6819 137
6820 137
6821 137
6822 137
6823 137
6824 137
6825 137
6826 137
6827 137
6828 137
6829 137
6830 137
6831 137
6832 137
6833 137
6834 137
6835 137
6836 137
6837 137
6838 137
6839 137
6840 137
6841 137
6842 137
6843 137
6844 137
6845 137
6846 137
6847 137
6848 137
6849 137
6850 137
6851 138
6852 138
6853 138
6854 138
6855 138
6856 138
6857 138
6858 138
6859 138
6860 138
6861 138
6862 138
6863 138
6864 138
6865 138
6866 138
6867 138
6868 138
6869 138
6870 138
6871 138
6872 138
6873 138
6874 138
6875 138
6876 138
6877 138
6878 138
6879 138
6880 138
6881 138
6882 138
6883 138
6884 138
6885 138
6886 138
6887 138
6888 138
6889 138
6890 138
6891 138
6892 138
6893 138
6894 138
6895 138
6896 138
6897 138
6898 138
6899 138
6900 138
6913 139
6914 139
6915 139
6916 139
6917 139
6918 139
6919 139
6920 139
6921 139
6922 139
6923 139
6924 139
6925 139
6926 139
6927 139
6928 139
6929 139
6930 139
6931 139
6932 139
6933 139
6934 139
6935 139
6936 139
6937 139
6938 139
6939 139
6940 139
6941 139
6942 139
6943 139
6944 139
6945 139
6946 139
6947 139
6948 139
6949 139
6950 139
6901 139
6902 139
6903 139
6904 139
6905 139
6906 139
6907 139
6908 139
6909 139
6910 139
6911 139
6912 139
6951 140
6952 140
6953 140
6954 140
6955 140
6956 140
6957 140
6958 140
6959 140
6960 140
6961 140
6962 140
6963 140
6964 140
6965 140
6966 140
6967 140
6968 140
6969 140
6970 140
6971 140
6972 140
6973 140
6974 140
6975 140
6976 140
6977 140
6978 140
6979 140
6980 140
6981 140
6982 140
6983 140
6984 140
6985 140
6986 140
6987 140
6988 140
6989 140
6990 140
6991 140
6992 140
6993 140
6994 140
6995 140
6996 140
6997 140
6998 140
6999 140
7000 140
7041 141
7042 141
7043 141
7044 141
7045 141
7046 141
7047 141
7048 141
7049 141
7050 141
7001 141
7002 141
7003 141
7004 141
7005 141
7006 141
7007 141
7008 141
7009 141
7010 141
7011 141
7012 141
7013 141
7014 141
7015 141
7016 141
7017 141
7018 141
7019 141
7020 141
7021 141
7022 141
7023 141
7024 141
7025 141
7026 141
7027 141
7028 141
7029 141
7030 141
7031 141
7032 141
7033 141
7034 141
7035 141
7036 141
7037 141
7038 141
7039 141
7040 141
7051 142
7052 142
7053 142
7054 142
7055 142
7056 142
7057 142
7058 142
7059 142
7060 142
7061 142
7062 142
7063 142
7064 142
7065 142
7066 142
7067 142
7068 142
7069 142
7070 142
7071 142
7072 142
7073 142
7074 142
7075 142
7076 142
7077 142
7078 142
7079 142
7080 142
7081 142
7082 142
7083 142
7084 142
7085 142
7086 142
7087 142
7088 142
7089 142
7090 142
7091 142
7092 142
7093 142
7094 142
7095 142
7096 142
7097 142
7098 142
7099 142
7100 142
7101 143
7102 143
7103 143
7104 143
7105 143
7106 143
7107 143
7108 143
7109 143
7110 143
7111 143
7112 143
7113 143
7114 143
7115 143
7116 143
7117 143
7118 143
7119 143
7120 143
7121 143
7122 143
7123 143
7124 143
7125 143
7126 143
7127 143
7128 143
7129 143
7130 143
7131 143
7132 143
7133 143
7134 143
7135 143
7136 143
7137 143
7138 143
7139 143
7140 143
7141 143
7142 143
7143 143
7144 143
7145 143
7146 143
7147 143
7148 143
7149 143
7150 143
7169 144
7170 144
7171 144
7172 144
7173 144
7174 144
7175 144
7176 144
7177 144
7178 144
7179 144
7180 144
7181 144
7182 144
7183 144
7184 144
7185 144
7186 144
7187 144
7188 144
7189 144
7190 144
7191 144
7192 144
7193 144
7194 144
7195 144
7196 144
7197 144
7198 144
7199 144
7200 144
7151 144
7152 144
7153 144
7154 144
7155 144
7156 144
7157 144
7158 144
7159 144
7160 144
7161 144
7162 144
7163 144
7164 144
7165 144
7166 144
7167 144
7168 144
7201 145
7202 145
7203 145
7204 145
7205 145
7206 145
7207 145
7208 145
7209 145
7210 145
7211 145
7212 145
7213 145
7214 145
7215 145
7216 145
7217 145
7218 145
7219 145
7220 145
7221 145
7222 145
7223 145
7224 145
7225 145
7226 145
7227 145
7228 145
7229 145
7230 145
7231 145
7232 145
7233 145
7234 145
7235 145
7236 145
7237 145
7238 145
7239 145
7240 145
7241 145
7242 145
7243 145
7244 145
7245 145
7246 145
7247 145
7248 145
7249 145
7250 145
7297 146
7298 146
7299 146
7300 146
7251 146
7252 146
7253 146
7254 146
7255 146
7256 146
7257 146
7258 146
7259 146
7260 146
7261 146
7262 146
7263 146
7264 146
7265 146
7266 146
7267 146
7268 146
7269 146
7270 146
7271 146
7272 146
7273 146
7274 146
7275 146
7276 146
7277 146
7278 146
7279 146
7280 146
7281 146
7282 146
7283 146
7284 146
7285 146
7286 146
7287 146
7288 146
7289 146
7290 146
7291 146
7292 146
7293 146
7294 146
7295 146
7296 146
7301 147
7302 147
7303 147
7304 147
7305 147
7306 147
7307 147
7308 147
7309 147
7310 147
7311 147
7312 147
7313 147
7314 147
7315 147
7316 147
7317 147
7318 147
7319 147
7320 147
7321 147
7322 147
7323 147
7324 147
7325 147
7326 147
7327 147
7328 147
7329 147
7330 147
7331 147
7332 147
7333 147
7334 147
7335 147
7336 147
7337 147
7338 147
7339 147
7340 147
7341 147
7342 147
7343 147
7344 147
7345 147
7346 147
7347 147
7348 147
7349 147
7350 147
7351 148
7352 148
7353 148
7354 148
7355 148
7356 148
7357 148
7358 148
7359 148
7360 148
7361 148
7362 148
7363 148
7364 148
7365 148
7366 148
7367 148
7368 148
7369 148
7370 148
7371 148
7372 148
7373 148
7374 148
7375 148
7376 148
7377 148
7378 148
7379 148
7380 148
7381 148
7382 148
7383 148
7384 148
7385 148
7386 148
7387 148
7388 148
7389 148
7390 148
7391 148
7392 148
7393 148
7394 148
7395 148
7396 148
7397 148
7398 148
7399 148
7400 148
7425 149
7426 149
7427 149
7428 149
7429 149
7430 149
7431 149
7432 149
7433 149
7434 149
7435 149
7436 149
7437 149
7438 149
7439 149
7440 149
7441 149
7442 149
7443 149
7444 149
7445 149
7446 149
7447 149
7448 149
7449 149
7450 149
7401 149
7402 149
7403 149
7404 149
7405 149
7406 149
7407 149
7408 149
7409 149
7410 149
7411 149
7412 149
7413 149
7414 149
7415 149
7416 149
7417 149
7418 149
7419 149
7420 149
7421 149
7422 149
7423 149
7424 149
7451 150
7452 150
7453 150
7454 150
7455 150
7456 150
7457 150
7458 150
7459 150
7460 150
7461 150
7462 150
7463 150
7464 150
7465 150
7466 150
7467 150
7468 150
7469 150
7470 150
7471 150
7472 150
7473 150
7474 150
7475 150
7476 150
7477 150
7478 150
7479 150
7480 150
7481 150
7482 150
7483 150
7484 150
7485 150
7486 150
7487 150
7488 150
7489 150
7490 150
7491 150
7492 150
7493 150
7494 150
7495 150
7496 150
7497 150
7498 150
7499 150
7500 150
7501 151
7502 151
7503 151
7504 151
7505 151
7506 151
7507 151
7508 151
7509 151
7510 151
7511 151
7512 151
7513 151
7514 151
7515 151
7516 151
7517 151
7518 151
7519 151
7520 151
7521 151
7522 151
7523 151
7524 151
7525 151
7526 151
7527 151
7528 151
7529 151
7530 151
7531 151
7532 151
7533 151
7534 151
7535 151
7536 151
7537 151
7538 151
7539 151
7540 151
7541 151
7542 151
7543 151
7544 151
7545 151
7546 151
7547 151
7548 151
7549 151
7550 151
7553 152
7554 152
7555 152
7556 152
7557 152
7558 152
7559 152
7560 152
7561 152
7562 152
7563 152
7564 152
7565 152
7566 152
7567 152
7568 152
7569 152
7570 152
7571 152
7572 152
7573 152
7574 152
7575 152
7576 152
7577 152
7578 152
7579 152
7580 152
7581 152
7582 152
7583 152
7584 152
7585 152
7586 152
7587 152
7588 152
7589 152
7590 152
7591 152
7592 152
7593 152
7594 152
7595 152
7596 152
7597 152
7598 152
7599 152
7600 152
7551 152
7552 152
7601 153
7602 153
7603 153
7604 153
7605 153
7606 153
7607 153
7608 153
7609 153
7610 153
7611 153
7612 153
7613 153
7614 153
7615 153
7616 153
7617 153
7618 153
7619 153
7620 153
7621 153
7622 153
7623 153
7624 153
7625 153
7626 153
7627 153
7628 153
7629 153
7630 153
7631 153
7632 153
7633 153
7634 153
7635 153
7636 153
7637 153
7638 153
7639 153
7640 153
7641 153
7642 153
7643 153
7644 153
7645 153
7646 153
7647 153
7648 153
7649 153
7650 153
7681 154
7682 154
7683 154
7684 154
7685 154
7686 154
7687 154
7688 154
7689 154
7690 154
7691 154
7692 154
7693 154
7694 154
7695 154
7696 154
7697 154
7698 154
7699 154
7700 154
7651 154
7652 154
7653 154
7654 154
7655 154
7656 154
7657 154
7658 154
7659 154
7660 154
7661 154
7662 154
7663 154
7664 154
7665 154
7666 154
7667 154
7668 154
7669 154
7670 154
7671 154
7672 154
7673 154
7674 154
7675 154
7676 154
7677 154
7678 154
7679 154
7680 154
7701 155
7702 155
7703 155
7704 155
7705 155
7706 155
7707 155
7708 155
7709 155
7710 155
7711 155
7712 155
7713 155
7714 155
7715 155
7716 155
7717 155
7718 155
7719 155
7720 155
7721 155
7722 155
7723 155
7724 155
7725 155
7726 155
7727 155
7728 155
7729 155
7730 155
7731 155
7732 155
7733 155
7734 155
7735 155
7736 155
7737 155
7738 155
7739 155
7740 155
7741 155
7742 155
7743 155
7744 155
7745 155
7746 155
7747 155
7748 155
7749 155
7750 155
7751 156
7752 156
7753 156
7754 156
7755 156
7756 156
7757 156
7758 156
7759 156
7760 156
7761 156
7762 156
7763 156
7764 156
7765 156
7766 156
7767 156
7768 156
7769 156
7770 156
7771 156
7772 156
7773 156
7774 156
7775 156
7776 156
7777 156
7778 156
7779 156
7780 156
7781 156
7782 156
7783 156
7784 156
7785 156
7786 156
7787 156
7788 156
7789 156
7790 156
7791 156
7792 156
7793 156
7794 156
7795 156
7796 156
7797 156
7798 156
7799 156
7800 156
7809 157
7810 157
7811 157
7812 157
7813 157
7814 157
7815 157
7816 157
7817 157
7818 157
7819 157
7820 157
7821 157
7822 157
7823 157
7824 157
7825 157
7826 157
7827 157
7828 157
7829 157
7830 157
7831 157
7832 157
7833 157
7834 157
7835 157
7836 157
7837 157
7838 157
7839 157
7840 157
7841 157
7842 157
7843 157
7844 157
7845 157
7846 157
7847 157
7848 157
7849 157
7850 157
7801 157
7802 157
7803 157
7804 157
7805 157
7806 157
7807 157
7808 157
7851 158
7852 158
7853 158
7854 158
7855 158
7856 158
7857 158
7858 158
7859 158
7860 158
7861 158
7862 158
7863 158
7864 158
7865 158
7866 158
7867 158
7868 158
7869 158
7870 158
7871 158
7872 158
7873 158
7874 158
7875 158
7876 158
7877 158
7878 158
7879 158
7880 158
7881 158
7882 158
7883 158
7884 158
7885 158
7886 158
7887 158
7888 158
7889 158
7890 158
7891 158
7892 158
7893 158
7894 158
7895 158
7896 158
7897 158
7898 158
7899 158
7900 158
7937 159
7938 159
7939 159
7940 159
7941 159
7942 159
7943 159
7944 159
7945 159
7946 159
7947 159
7948 159
7949 159
7950 159
7901 159
7902 159
7903 159
7904 159
7905 159
7906 159
7907 159
7908 159
7909 159
7910 159
7911 159
7912 159
7913 159
7914 159
7915 159
7916 159
7917 159
7918 159
7919 159
7920 159
7921 159
7922 159
7923 159
7924 159
7925 159
7926 159
7927 159
7928 159
7929 159
7930 159
7931 159
7932 159
7933 159
7934 159
7935 159
7936 159
7951 160
7952 160
7953 160
7954 160
7955 160
7956 160
7957 160
7958 160
7959 160
7960 160
7961 160
7962 160
7963 160
7964 160
7965 160
7966 160
7967 160
7968 160
7969 160
7970 160
7971 160
7972 160
7973 160
7974 160
7975 160
7976 160
7977 160
7978 160
7979 160
7980 160
7981 160
7982 160
7983 160
7984 160
7985 160
7986 160
7987 160
7988 160
7989 160
7990 160
7991 160
7992 160
7993 160
7994 160
7995 160
7996 160
7997 160
7998 160
7999 160
8000 160
8001 161
8002 161
8003 161
8004 161
8005 161
8006 161
8007 161
8008 161
8009 161
8010 161
8011 161
8012 161
8013 161
8014 161
8015 161
8016 161
8017 161
8018 161
8019 161
8020 161
8021 161
8022 161
8023 161
8024 161
8025 161
8026 161
8027 161
8028 161
8029 161
8030 161
8031 161
8032 161
8033 161
8034 161
8035 161
8036 161
8037 161
8038 161
8039 161
8040 161
8041 161
8042 161
8043 161
8044 161
8045 161
8046 161
8047 161
8048 161
8049 161
8050 161
8065 162
8066 162
8067 162
8068 162
8069 162
8070 162
8071 162
8072 162
8073 162
8074 162
8075 162
8076 162
8077 162
8078 162
8079 162
8080 162
8081 162
8082 162
8083 162
8084 162
8085 162
8086 162
8087 162
8088 162
8089 162
8090 162
8091 162
8092 162
8093 162
8094 162
8095 162
8096 162
8097 162
8098 162
8099 162
8100 162
8051 162
8052 162
8053 162
8054 162
8055 162
8056 162
8057 162
8058 162
8059 162
8060 162
8061 162
8062 162
8063 162
8064 162
8101 163
8102 163
8103 163
8104 163
8105 163
8106 163
8107 163
8108 163
8109 163
8110 163
8111 163
8112 163
8113 163
8114 163
8115 163
8116 163
8117 163
8118 163
8119 163
8120 163
8121 163
8122 163
8123 163
8124 163
8125 163
8126 163
8127 163
8128 163
8129 163
8130 163
8131 163
8132 163
8133 163
8134 163
8135 163
8136 163
8137 163
8138 163
8139 163
8140 163
8141 163
8142 163
8143 163
8144 163
8145 163
8146 163
8147 163
8148 163
8149 163
8150 163
8193 164
8194 164
8195 164
8196 164
8197 164
8198 164
8199 164
8200 164
8151 164
8152 164
8153 164
8154 164
8155 164
8156 164
8157 164
8158 164
8159 164
8160 164
8161 164
8162 164
8163 164
8164 164
8165 164
8166 164
8167 164
8168 164
8169 164
8170 164
8171 164
8172 164
8173 164
8174 164
8175 164
8176 164
8177 164
8178 164
8179 164
8180 164
8181 164
8182 164
8183 164
8184 164
8185 164
8186 164
8187 164
8188 164
8189 164
8190 164
8191 164
8192 164
8201 165
8202 165
8203 165
8204 165
8205 165
8206 165
8207 165
8208 165
8209 165
8210 165
8211 165
8212 165
8213 165
8214 165
8215 165
8216 165
8217 165
8218 165
8219 165
8220 165
8221 165
8222 165
8223 165
8224 165
8225 165
8226 165
8227 165
8228 165
8229 165
8230 165
8231 165
8232 165
8233 165
8234 165
8235 165
8236 165
8237 165
8238 165
8239 165
8240 165
8241 165
8242 165
8243 165
8244 165
8245 165
8246 165
8247 165
8248 165
8249 165
8250 165
8251 166
8252 166
8253 166
8254 166
8255 166
8256 166
8257 166
8258 166
8259 166
8260 166
8261 166
8262 166
8263 166
8264 166
8265 166
8266 166
8267 166
8268 166
8269 166
8270 166
8271 166
8272 166
8273 166
8274 166
8275 166
8276 166
8277 166
8278 166
8279 166
8280 166
8281 166
8282 166
8283 166
8284 166
8285 166
8286 166
8287 166
8288 166
8289 166
8290 166
8291 166
8292 166
8293 166
8294 166
8295 166
8296 166
8297 166
8298 166
8299 166
8300 166
8321 167
8322 167
8323 167
8324 167
8325 167
8326 167
8327 167
8328 167
8329 167
8330 167
8331 167
8332 167
8333 167
8334 167
8335 167
8336 167
8337 167
8338 167
8339 167
8340 167
8341 167
8342 167
8343 167
8344 167
8345 167
8346 167
8347 167
8348 167
8349 167
8350 167
8301 167
8302 167
8303 167
8304 167
8305 167
8306 167
8307 167
8308 167
8309 167
8310 167
8311 167
8312 167
8313 167
8314 167
8315 167
8316 167
8317 167
8318 167
8319 167
8320 167
8351 168
8352 168
8353 168
8354 168
8355 168
8356 168
8357 168
8358 168
8359 168
8360 168
8361 168
8362 168
8363 168
8364 168
8365 168
8366 168
8367 168
8368 168
8369 168
8370 168
8371 168
8372 168
8373 168
8374 168
8375 168
8376 168
8377 168
8378 168
8379 168
8380 168
8381 168
8382 168
8383 168
8384 168
8385 168
8386 168
8387 168
8388 168
8389 168
8390 168
8391 168
8392 168
8393 168
8394 168
8395 168
8396 168
8397 168
8398 168
8399 168
8400 168
8449 169
8450 169
8401 169
8402 169
8403 169
8404 169
8405 169
8406 169
8407 169
8408 169
8409 169
8410 169
8411 169
8412 169
8413 169
8414 169
8415 169
8416 169
8417 169
8418 169
8419 169
8420 169
8421 169
8422 169
8423 169
8424 169
8425 169
8426 169
8427 169
8428 169
8429 169
8430 169
8431 169
8432 169
8433 169
8434 169
8435 169
8436 169
8437 169
8438 169
8439 169
8440 169
8441 169
8442 169
8443 169
8444 169
8445 169
8446 169
8447 169
8448 169
8451 170
8452 170
8453 170
8454 170
8455 170
8456 170
8457 170
8458 170
8459 170
8460 170
8461 170
8462 170
8463 170
8464 170
8465 170
8466 170
8467 170
8468 170
8469 170
8470 170
8471 170
8472 170
8473 170
8474 170
8475 170
8476 170
8477 170
8478 170
8479 170
8480 170
8481 170
8482 170
8483 170
8484 170
8485 170
8486 170
8487 170
8488 170
8489 170
8490 170
8491 170
8492 170
8493 170
8494 170
8495 170
8496 170
8497 170
8498 170
8499 170
8500 170
8501 171
8502 171
8503 171
8504 171
8505 171
8506 171
8507 171
8508 171
8509 171
8510 171
8511 171
8512 171
8513 171
8514 171
8515 171
8516 171
8517 171
8518 171
8519 171
8520 171
8521 171
8522 171
8523 171
8524 171
8525 171
8526 171
8527 171
8528 171
8529 171
8530 171
8531 171
8532 171
8533 171
8534 171
8535 171
8536 171
8537 171
8538 171
8539 171
8540 171
8541 171
8542 171
8543 171
8544 171
8545 171
8546 171
8547 171
8548 171
8549 171
8550 171
8577 172
8578 172
8579 172
8580 172
8581 172
8582 172
8583 172
8584 172
8585 172
8586 172
8587 172
8588 172
8589 172
8590 172
8591 172
8592 172
8593 172
8594 172
8595 172
8596 172
8597 172
8598 172
8599 172
8600 172
8551 172
8552 172
8553 172
8554 172
8555 172
8556 172
8557 172
8558 172
8559 172
8560 172
8561 172
8562 172
8563 172
8564 172
8565 172
8566 172
8567 172
8568 172
8569 172
8570 172
8571 172
8572 172
8573 172
8574 172
8575 172
8576 172
8601 173
8602 173
8603 173
8604 173
8605 173
8606 173
8607 173
8608 173
8609 173
8610 173
8611 173
8612 173
8613 173
8614 173
8615 173
8616 173
8617 173
8618 173
8619 173
8620 173
8621 173
8622 173
8623 173
8624 173
8625 173
8626 173
8627 173
8628 173
8629 173
8630 173
8631 173
8632 173
8633 173
8634 173
8635 173
8636 173
8637 173
8638 173
8639 173
8640 173
8641 173
8642 173
8643 173
8644 173
8645 173
8646 173
8647 173
8648 173
8649 173
8650 173
8651 174
8652 174
8653 174
8654 174
8655 174
8656 174
8657 174
8658 174
8659 174
8660 174
8661 174
8662 174
8663 174
8664 174
8665 174
8666 174
8667 174
8668 174
8669 174
8670 174
8671 174
8672 174
8673 174
8674 174
8675 174
8676 174
8677 174
8678 174
8679 174
8680 174
8681 174
8682 174
8683 174
8684 174
8685 174
8686 174
8687 174
8688 174
8689 174
8690 174
8691 174
8692 174
8693 174
8694 174
8695 174
8696 174
8697 174
8698 174
8699 174
8700 174
8705 175
8706 175
8707 175
8708 175
8709 175
8710 175
8711 175
8712 175
8713 175
8714 175
8715 175
8716 175
8717 175
8718 175
8719 175
8720 175
8721 175
8722 175
8723 175
8724 175
8725 175
8726 175
8727 175
8728 175
8729 175
8730 175
8731 175
8732 175
8733 175
8734 175
8735 175
8736 175
8737 175
8738 175
8739 175
8740 175
8741 175
8742 175
8743 175
8744 175
8745 175
8746 175
8747 175
8748 175
8749 175
8750 175
8701 175
8702 175
8703 175
8704 175
8751 176
8752 176
8753 176
8754 176
8755 176
8756 176
8757 176
8758 176
8759 176
8760 176
8761 176
8762 176
8763 176
8764 176
8765 176
8766 176
8767 176
8768 176
8769 176
8770 176
8771 176
8772 176
8773 176
8774 176
8775 176
8776 176
8777 176
8778 176
8779 176
8780 176
8781 176
8782 176
8783 176
8784 176
8785 176
8786 176
8787 176
8788 176
8789 176
8790 176
8791 176
8792 176
8793 176
8794 176
8795 176
8796 176
8797 176
8798 176
8799 176
8800 176
8833 177
8834 177
8835 177
8836 177
8837 177
8838 177
8839 177
8840 177
8841 177
8842 177
8843 177
8844 177
8845 177
8846 177
8847 177
8848 177
8849 177
8850 177
8801 177
8802 177
8803 177
8804 177
8805 177
8806 177
8807 177
8808 177
8809 177
8810 177
8811 177
8812 177
8813 177
8814 177
8815 177
8816 177
8817 177
8818 177
8819 177
8820 177
8821 177
8822 177
8823 177
8824 177
8825 177
8826 177
8827 177
8828 177
8829 177
8830 177
8831 177
8832 177
8851 178
8852 178
8853 178
8854 178
8855 178
8856 178
8857 178
8858 178
8859 178
8860 178
8861 178
8862 178
8863 178
8864 178
8865 178
8866 178
8867 178
8868 178
8869 178
8870 178
8871 178
8872 178
8873 178
8874 178
8875 178
8876 178
8877 178
8878 178
8879 178
8880 178
8881 178
8882 178
8883 178
8884 178
8885 178
8886 178
8887 178
8888 178
8889 178
8890 178
8891 178
8892 178
8893 178
8894 178
8895 178
8896 178
8897 178
8898 178
8899 178
8900 178
8901 179
8902 179
8903 179
8904 179
8905 179
8906 179
8907 179
8908 179
8909 179
8910 179
8911 179
8912 179
8913 179
8914 179
8915 179
8916 179
8917 179
8918 179
8919 179
8920 179
8921 179
8922 179
8923 179
8924 179
8925 179
8926 179
8927 179
8928 179
8929 179
8930 179
8931 179
8932 179
8933 179
8934 179
8935 179
8936 179
8937 179
8938 179
8939 179
8940 179
8941 179
8942 179
8943 179
8944 179
8945 179
8946 179
8947 179
8948 179
8949 179
8950 179
8961 180
8962 180
8963 180
8964 180
8965 180
8966 180
8967 180
8968 180
8969 180
8970 180
8971 180
8972 180
8973 180
8974 180
8975 180
8976 180
8977 180
8978 180
8979 180
8980 180
8981 180
8982 180
8983 180
8984 180
8985 180
8986 180
8987 180
8988 180
8989 180
8990 180
8991 180
8992 180
8993 180
8994 180
8995 180
8996 180
8997 180
8998 180
8999 180
9000 180
8951 180
8952 180
8953 180
8954 180
8955 180
8956 180
8957 180
8958 180
8959 180
8960 180
9001 181
9002 181
9003 181
9004 181
9005 181
9006 181
9007 181
9008 181
9009 181
9010 181
9011 181
9012 181
9013 181
9014 181
9015 181
9016 181
9017 181
9018 181
9019 181
9020 181
9021 181
9022 181
9023 181
9024 181
9025 181
9026 181
9027 181
9028 181
9029 181
9030 181
9031 181
9032 181
9033 181
9034 181
9035 181
9036 181
9037 181
9038 181
9039 181
9040 181
9041 181
9042 181
9043 181
9044 181
9045 181
9046 181
9047 181
9048 181
9049 181
9050 181
9089 182
9090 182
9091 182
9092 182
9093 182
9094 182
9095 182
9096 182
9097 182
9098 182
9099 182
9100 182
9051 182
9052 182
9053 182
9054 182
9055 182
9056 182
9057 182
9058 182
9059 182
9060 182
9061 182
9062 182
9063 182
9064 182
9065 182
9066 182
9067 182
9068 182
9069 182
9070 182
9071 182
9072 182
9073 182
9074 182
9075 182
9076 182
9077 182
9078 182
9079 182
9080 182
9081 182
9082 182
9083 182
9084 182
9085 182
9086 182
9087 182
9088 182
9101 183
9102 183
9103 183
9104 183
9105 183
9106 183
9107 183
9108 183
9109 183
9110 183
9111 183
9112 183
9113 183
9114 183
9115 183
9116 183
9117 183
9118 183
9119 183
9120 183
9121 183
9122 183
9123 183
9124 183
9125 183
9126 183
9127 183
9128 183
9129 183
9130 183
9131 183
9132 183
9133 183
9134 183
9135 183
9136 183
9137 183
9138 183
9139 183
9140 183
9141 183
9142 183
9143 183
9144 183
9145 183
9146 183
9147 183
9148 183
9149 183
9150 183
9151 184
9152 184
9153 184
9154 184
9155 184
9156 184
9157 184
9158 184
9159 184
9160 184
9161 184
9162 184
9163 184
9164 184
9165 184
9166 184
9167 184
9168 184
9169 184
9170 184
9171 184
9172 184
9173 184
9174 184
9175 184
9176 184
9177 184
9178 184
9179 184
9180 184
9181 184
9182 184
9183 184
9184 184
9185 184
9186 184
9187 184
9188 184
9189 184
9190 184
9191 184
9192 184
9193 184
9194 184
9195 184
9196 184
9197 184
9198 184
9199 184
9200 184
9217 185
9218 185
9219 185
9220 185
9221 185
9222 185
9223 185
9224 185
9225 185
9226 185
9227 185
9228 185
9229 185
9230 185
9231 185
9232 185
9233 185
9234 185
9235 185
9236 185
9237 185
9238 185
9239 185
9240 185
9241 185
9242 185
9243 185
9244 185
9245 185
9246 185
9247 185
9248 185
9249 185
9250 185
9201 185
9202 185
9203 185
9204 185
9205 185
9206 185
9207 185
9208 185
9209 185
9210 185
9211 185
9212 185
9213 185
9214 185
9215 185
9216 185
9251 186
9252 186
9253 186
9254 186
9255 186
9256 186
9257 186
9258 186
9259 186
9260 186
9261 186
9262 186
9263 186
9264 186
9265 186
9266 186
9267 186
9268 186
9269 186
9270 186
9271 186
9272 186
9273 186
9274 186
9275 186
9276 186
9277 186
9278 186
9279 186
9280 186
9281 186
9282 186
9283 186
9284 186
9285 186
9286 186
9287 186
9288 186
9289 186
9290 186
9291 186
9292 186
9293 186
9294 186
9295 186
9296 186
9297 186
9298 186
9299 186
9300 186
9345 187
9346 187
9347 187
9348 187
9349 187
9350 187
9301 187
9302 187
9303 187
9304 187
9305 187
9306 187
9307 187
9308 187
9309 187
9310 187
9311 187
9312 187
9313 187
9314 187
9315 187
9316 187
9317 187
9318 187
9319 187
9320 187
9321 187
9322 187
9323 187
9324 187
9325 187
9326 187
9327 187
9328 187
9329 187
9330 187
9331 187
9332 187
9333 187
9334 187
9335 187
9336 187
9337 187
9338 187
9339 187
9340 187
9341 187
9342 187
9343 187
9344 187
9351 188
9352 188
9353 188
9354 188
9355 188
9356 188
9357 188
9358 188
9359 188
9360 188
9361 188
9362 188
9363 188
9364 188
9365 188
9366 188
9367 188
9368 188
9369 188
9370 188
9371 188
9372 188
9373 188
9374 188
9375 188
9376 188
9377 188
9378 188
9379 188
9380 188
9381 188
9382 188
9383 188
9384 188
9385 188
9386 188
9387 188
9388 188
9389 188
9390 188
9391 188
9392 188
9393 188
9394 188
9395 188
9396 188
9397 188
9398 188
9399 188
9400 188
9401 189
9402 189
9403 189
9404 189
9405 189
9406 189
9407 189
9408 189
9409 189
9410 189
9411 189
9412 189
9413 189
9414 189
9415 189
9416 189
9417 189
9418 189
9419 189
9420 189
9421 189
9422 189
9423 189
9424 189
9425 189
9426 189
9427 189
9428 189
9429 189
9430 189
9431 189
9432 189
9433 189
9434 189
9435 189
9436 189
9437 189
9438 189
9439 189
9440 189
9441 189
9442 189
9443 189
9444 189
9445 189
9446 189
9447 189
9448 189
9449 189
9450 189
9473 190
9474 190
9475 190
9476 190
9477 190
9478 190
9479 190
9480 190
9481 190
9482 190
9483 190
9484 190
9485 190
9486 190
9487 190
9488 190
9489 190
9490 190
9491 190
9492 190
9493 190
9494 190
9495 190
9496 190
9497 190
9498 190
9499 190
9500 190
9451 190
9452 190
9453 190
9454 190
9455 190
9456 190
9457 190
9458 190
9459 190
9460 190
9461 190
9462 190
9463 190
9464 190
9465 190
9466 190
9467 190
9468 190
9469 190
9470 190
9471 190
9472 190
9501 191
9502 191
9503 191
9504 191
9505 191
9506 191
9507 191
9508 191
9509 191
9510 191
9511 191
9512 191
9513 191
9514 191
9515 191
9516 191
9517 191
9518 191
9519 191
9520 191
9521 191
9522 191
9523 191
9524 191
9525 191
9526 191
9527 191
9528 191
9529 191
9530 191
9531 191
9532 191
9533 191
9534 191
9535 191
9536 191
9537 191
9538 191
9539 191
9540 191
9541 191
9542 191
9543 191
9544 191
9545 191
9546 191
9547 191
9548 191
9549 191
9550 191
9551 192
9552 192
9553 192
9554 192
9555 192
9556 192
9557 192
9558 192
9559 192
9560 192
9561 192
9562 192
9563 192
9564 192
9565 192
9566 192
9567 192
9568 192
9569 192
9570 192
9571 192
9572 192
9573 192
9574 192
9575 192
9576 192
9577 192
9578 192
9579 192
9580 192
9581 192
9582 192
9583 192
9584 192
9585 192
9586 192
9587 192
9588 192
9589 192
9590 192
9591 192
9592 192
9593 192
9594 192
9595 192
9596 192
9597 192
9598 192
9599 192
9600 192
9601 193
9602 193
9603 193
9604 193
9605 193
9606 193
9607 193
9608 193
9609 193
9610 193
9611 193
9612 193
9613 193
9614 193
9615 193
9616 193
9617 193
9618 193
9619 193
9620 193
9621 193
9622 193
9623 193
9624 193
9625 193
9626 193
9627 193
9628 193
9629 193
9630 193
9631 193
9632 193
9633 193
9634 193
9635 193
9636 193
9637 193
9638 193
9639 193
9640 193
9641 193
9642 193
9643 193
9644 193
9645 193
9646 193
9647 193
9648 193
9649 193
9650 193
9651 194
9652 194
9653 194
9654 194
9655 194
9656 194
9657 194
9658 194
9659 194
9660 194
9661 194
9662 194
9663 194
9664 194
9665 194
9666 194
9667 194
9668 194
9669 194
9670 194
9671 194
9672 194
9673 194
9674 194
9675 194
9676 194
9677 194
9678 194
9679 194
9680 194
9681 194
9682 194
9683 194
9684 194
9685 194
9686 194
9687 194
9688 194
9689 194
9690 194
9691 194
9692 194
9693 194
9694 194
9695 194
9696 194
9697 194
9698 194
9699 194
9700 194
9729 195
9730 195
9731 195
9732 195
9733 195
9734 195
9735 195
9736 195
9737 195
9738 195
9739 195
9740 195
9741 195
9742 195
9743 195
9744 195
9745 195
9746 195
9747 195
9748 195
9749 195
9750 195
9701 195
9702 195
9703 195
9704 195
9705 195
9706 195
9707 195
9708 195
9709 195
9710 195
9711 195
9712 195
9713 195
9714 195
9715 195
9716 195
9717 195
9718 195
9719 195
9720 195
9721 195
9722 195
9723 195
9724 195
9725 195
9726 195
9727 195
9728 195
9751 196
9752 196
9753 196
9754 196
9755 196
9756 196
9757 196
9758 196
9759 196
9760 196
9761 196
9762 196
9763 196
9764 196
9765 196
9766 196
9767 196
9768 196
9769 196
9770 196
9771 196
9772 196
9773 196
9774 196
9775 196
9776 196
9777 196
9778 196
9779 196
9780 196
9781 196
9782 196
9783 196
9784 196
9785 196
9786 196
9787 196
9788 196
9789 196
9790 196
9791 196
9792 196
9793 196
9794 196
9795 196
9796 196
9797 196
9798 196
9799 196
9800 196
9801 197
9802 197
9803 197
9804 197
9805 197
9806 197
9807 197
9808 197
9809 197
9810 197
9811 197
9812 197
9813 197
9814 197
9815 197
9816 197
9817 197
9818 197
9819 197
9820 197
9821 197
9822 197
9823 197
9824 197
9825 197
9826 197
9827 197
9828 197
9829 197
9830 197
9831 197
9832 197
9833 197
9834 197
9835 197
9836 197
9837 197
9838 197
9839 197
9840 197
9841 197
9842 197
9843 197
9844 197
9845 197
9846 197
9847 197
9848 197
9849 197
9850 197
9857 198
9858 198
9859 198
9860 198
9861 198
9862 198
9863 198
9864 198
9865 198
9866 198
9867 198
9868 198
9869 198
9870 198
9871 198
9872 198
9873 198
9874 198
9875 198
9876 198
9877 198
9878 198
9879 198
9880 198
9881 198
9882 198
9883 198
9884 198
9885 198
9886 198
9887 198
9888 198
9889 198
9890 198
9891 198
9892 198
9893 198
9894 198
9895 198
9896 198
9897 198
9898 198
9899 198
9900 198
9851 198
9852 198
9853 198
9854 198
9855 198
9856 198
9901 199
9902 199
9903 199
9904 199
9905 199
9906 199
9907 199
9908 199
9909 199
9910 199
9911 199
9912 199
9913 199
9914 199
9915 199
9916 199
9917 199
9918 199
9919 199
9920 199
9921 199
9922 199
9923 199
9924 199
9925 199
9926 199
9927 199
9928 199
9929 199
9930 199
9931 199
9932 199
9933 199
9934 199
9935 199
9936 199
9937 199
9938 199
9939 199
9940 199
9941 199
9942 199
9943 199
9944 199
9945 199
9946 199
9947 199
9948 199
9949 199
9950 199
9985 200
9986 200
9987 200
9988 200
9989 200
9990 200
9991 200
9992 200
9993 200
9994 200
9995 200
9996 200
9997 200
9998 200
9999 200
10000 200
9951 200
9952 200
9953 200
9954 200
9955 200
9956 200
9957 200
9958 200
9959 200
9960 200
9961 200
9962 200
9963 200
9964 200
9965 200
9966 200
9967 200
9968 200
9969 200
9970 200
9971 200
9972 200
9973 200
9974 200
9975 200
9976 200
9977 200
9978 200
9979 200
9980 200
9981 200
9982 200
9983 200
9984 200
